 0.000000032000  -768 0.000000 23347.718750
 0.000000064000  -768 0.000000 23347.718750
 0.000000096000  -768 0.000000 23347.718750
 0.000000128000  -768 0.000000 23347.718750
 0.000000160000  -512 0.000000 23347.718750
 0.000000192000  0 0.000000 23347.718750
 0.000000224000  512 73.718788 23347.718750
 0.000000256000  1536 341.395111 23347.718750
 0.000000288000  2816 910.457397 23347.718750
 0.000000320000  4352 1871.594238 23347.718750
 0.000000352000  5632 3223.478027 23347.718750
 0.000000384000  7168 4973.903809 23347.718750
 0.000000416000  8704 7099.661621 23347.718750
 0.000000448000  9984 9520.552734 23347.718750
 0.000000480000  10752 12085.228516 23347.718750
 0.000000512000  11264 14640.076172 23347.718750
 0.000000544000  11520 17040.947266 23347.718750
 0.000000576000  11520 19160.726562 23347.718750
 0.000000608000  11264 20893.423828 23347.718750
 0.000000640000  11008 22192.388672 23347.718750
 0.000000672000  10496 23019.191406 23347.718750
 0.000000704000  9728 23343.945312 23347.718750
 0.000000736000  8704 23144.921875 23347.718750
 0.000000768000  7680 22444.556641 23347.718750
 0.000000800000  6656 21294.712891 23347.718750
 0.000000832000  5632 19764.208984 23347.718750
 0.000000864000  4864 17965.691406 23347.718750
 0.000000896000  4096 15997.647461 23347.718750
 0.000000928000  3328 13941.524414 23347.718750
 0.000000960000  2560 11860.922852 23347.718750
 0.000000992000  2048 9839.177734 23347.718750
 0.000001024000  1280 7893.780762 23347.718750
 0.000001056000  1024 6105.250977 23347.718750
 0.000001088000  1024 4555.762695 23347.718750
 0.000001120000  512 3212.159912 23347.718750
 0.000001152000  0 2036.310791 23347.718750
 0.000001184000  0 0.000000 23347.718750
 0.000001216000  -256 265.420837 23347.718750
 0.000001248000  -256 -351.308807 23347.718750
 0.000001280000  -256 -796.460999 23347.718750
 0.000001312000  -256 -1088.940918 23347.718750
 0.000001344000  -256 -1253.030640 23347.718750
 0.000001376000  -256 -1315.044189 23347.718750
 0.000001408000  -256 -1300.830200 23347.718750
 0.000001440000  0 -1197.189087 23347.718750
 0.000001472000  0 0.000000 23347.718750
 0.000001504000  0 0.000000 23347.718750
 0.000001536000  -256 0.000000 23347.718750
 0.000001568000  0 0.000000 23347.718750
 0.000001600000  0 0.000000 23347.718750
 0.000001632000  0 0.000000 23347.718750
 0.000001664000  0 0.000000 23347.718750
 0.000001696000  0 0.000000 23347.718750
 0.000001728000  0 0.000000 23347.718750
 0.000001760000  0 0.000000 23347.718750

 0.000000032000  -768 0.000000 1482.839844
 0.000000064000  -768 0.000000 1482.839844
 0.000000096000  -768 0.000000 1482.839844
 0.000000128000  -512 0.000000 1482.839844
 0.000000160000  -256 0.000000 1482.839844
 0.000000192000  0 0.000000 1482.839844
 0.000000224000  256 36.859394 1482.839844
 0.000000256000  256 96.978767 1482.839844
 0.000000288000  512 205.982101 1482.839844
 0.000000320000  1024 415.224213 1482.839844
 0.000000352000  768 643.014954 1482.839844
 0.000000384000  768 867.447205 1482.839844
 0.000000416000  768 1073.361206 1482.839844
 0.000000448000  768 1251.432251 1482.839844
 0.000000480000  512 1360.249756 1482.839844
 0.000000512000  768 1449.404907 1482.839844
 0.000000544000  512 1481.458862 1482.839844
 0.000000576000  512 1471.061035 1482.839844
 0.000000608000  256 1394.707275 1482.839844
 0.000000640000  512 1314.340088 1482.839844
 0.000000672000  0 1163.218262 1482.839844
 0.000000704000  0 0.000000 1482.839844
 0.000000736000  -256 732.742493 1482.839844
 0.000000768000  -256 474.058624 1482.839844
 0.000000800000  -512 184.347504 1482.839844
 0.000000832000  -512 -106.320305 1482.839844
 0.000000864000  -512 -376.735229 1482.839844
 0.000000896000  -512 -613.444153 1482.839844
 0.000000928000  -768 -846.275024 1482.839844
 0.000000960000  -768 -1059.617676 1482.839844
 0.000000992000  -768 0.000000 1482.839844
 0.000001024000  -512 0.000000 1482.839844
 0.000001056000  -768 0.000000 1482.839844
 0.000001088000  -768 0.000000 1482.839844
 0.000001120000  -768 0.000000 1482.839844
 0.000001152000  -768 0.000000 1482.839844
 0.000001184000  -768 0.000000 1482.839844
 0.000001216000  -512 0.000000 1482.839844
 0.000001248000  -512 0.000000 1482.839844
 0.000001280000  -768 0.000000 1482.839844

 0.000000032000  -512 0.000000 7556.784668
 0.000000064000  -512 0.000000 7556.784668
 0.000000096000  -512 0.000000 7556.784668
 0.000000128000  -512 0.000000 7556.784668
 0.000000160000  -256 0.000000 7556.784668
 0.000000192000  -256 0.000000 7556.784668
 0.000000224000  256 36.859394 7556.784668
 0.000000256000  512 133.838165 7556.784668
 0.000000288000  1024 339.820282 7556.784668
 0.000000320000  1280 644.466309 7556.784668
 0.000000352000  1792 1070.263672 7556.784668
 0.000000384000  2304 1624.300293 7556.784668
 0.000000416000  2816 2302.327148 7556.784668
 0.000000448000  3328 3092.430176 7556.784668
 0.000000480000  3584 3941.306641 7556.784668
 0.000000512000  3584 4770.391113 7556.784668
 0.000000544000  3840 5562.733398 7556.784668
 0.000000576000  3840 6272.203613 7556.784668
 0.000000608000  3584 6835.477051 7556.784668
 0.000000640000  3584 7255.418457 7556.784668
 0.000000672000  3328 7507.500488 7556.784668
 0.000000704000  2816 7549.704590 7556.784668
 0.000000736000  2560 7404.458984 7556.784668
 0.000000768000  2304 7101.026367 7556.784668
 0.000000800000  2048 6671.366699 7556.784668
 0.000000832000  1792 6147.037598 7556.784668
 0.000000864000  1280 5520.181152 7556.784668
 0.000000896000  1280 4866.371094 7556.784668
 0.000000928000  768 4166.961426 7556.784668
 0.000000960000  512 3448.985352 7556.784668
 0.000000992000  256 2732.785156 7556.784668
 0.000001024000  256 2069.393311 7556.784668
 0.000001056000  0 1454.026489 7556.784668
 0.000001088000  -256 0.000000 7556.784668
 0.000001120000  -256 376.005829 7556.784668
 0.000001152000  -512 -79.013428 7556.784668
 0.000001184000  -256 -430.080017 7556.784668
 0.000001216000  -512 -719.649719 7556.784668
 0.000001248000  -256 -908.279053 7556.784668
 0.000001280000  -512 -1049.223389 7556.784668
 0.000001312000  -512 -1146.496582 7556.784668
 0.000001344000  -256 -1169.205200 7556.784668
 0.000001376000  -512 0.000000 7556.784668
 0.000001408000  -256 0.000000 7556.784668
 0.000001440000  -256 0.000000 7556.784668
 0.000001472000  -512 0.000000 7556.784668
 0.000001504000  -256 0.000000 7556.784668
 0.000001536000  -512 0.000000 7556.784668
 0.000001568000  -512 0.000000 7556.784668
 0.000001600000  -256 0.000000 7556.784668
 0.000001632000  -512 0.000000 7556.784668
 0.000001664000  -512 0.000000 7556.784668

 0.000000032000  -768 0.000000 1284.601196
 0.000000064000  -768 0.000000 1284.601196
 0.000000096000  -512 0.000000 1284.601196
 0.000000128000  -512 0.000000 1284.601196
 0.000000160000  0 0.000000 1284.601196
 0.000000192000  0 0.000000 1284.601196
 0.000000224000  256 36.859394 1284.601196
 0.000000256000  512 133.838165 1284.601196
 0.000000288000  512 266.101471 1284.601196
 0.000000320000  512 413.649353 1284.601196
 0.000000352000  768 598.180115 1284.601196
 0.000000384000  768 795.426758 1284.601196
 0.000000416000  512 950.553650 1284.601196
 0.000000448000  768 1101.760376 1284.601196
 0.000000480000  512 1202.466309 1284.601196
 0.000000512000  512 1260.418335 1284.601196
 0.000000544000  512 1284.140869 1284.601196
 0.000000576000  256 1245.231445 1284.601196
 0.000000608000  256 1165.090576 1284.601196
 0.000000640000  0 1024.872559 1284.601196
 0.000000672000  256 0.000000 1284.601196
 0.000000704000  0 730.083069 1284.601196
 0.000000736000  0 565.537781 1284.601196
 0.000000768000  -256 372.283356 1284.601196
 0.000000800000  -512 135.898483 1284.601196
 0.000000832000  -256 -76.931717 1284.601196
 0.000000864000  -512 -294.739655 1284.601196
 0.000000896000  -256 -463.507507 1284.601196
 0.000000928000  -512 -622.507996 1284.601196
 0.000000960000  -512 0.000000 1284.601196
 0.000000992000  -768 0.000000 1284.601196
 0.000001024000  -512 0.000000 1284.601196
 0.000001056000  -768 0.000000 1284.601196
 0.000001088000  -768 0.000000 1284.601196
 0.000001120000  -768 0.000000 1284.601196
 0.000001152000  -768 0.000000 1284.601196
 0.000001184000  -768 0.000000 1284.601196
 0.000001216000  -768 0.000000 1284.601196
 0.000001248000  -768 0.000000 1284.601196

 0.000000032000  -768 0.000000 1414.783325
 0.000000064000  -768 0.000000 1414.783325
 0.000000096000  -512 0.000000 1414.783325
 0.000000128000  -512 0.000000 1414.783325
 0.000000160000  -256 0.000000 1414.783325
 0.000000192000  0 0.000000 1414.783325
 0.000000224000  256 36.859394 1414.783325
 0.000000256000  256 96.978767 1414.783325
 0.000000288000  512 205.982101 1414.783325
 0.000000320000  512 341.505402 1414.783325
 0.000000352000  768 522.776184 1414.783325
 0.000000384000  768 723.159241 1414.783325
 0.000000416000  768 922.553162 1414.783325
 0.000000448000  768 1106.897217 1414.783325
 0.000000480000  768 1267.389526 1414.783325
 0.000000512000  512 1362.699829 1414.783325
 0.000000544000  512 1405.323120 1414.783325
 0.000000576000  512 1407.837036 1414.783325
 0.000000608000  256 1345.112183 1414.783325
 0.000000640000  512 1277.897095 1414.783325
 0.000000672000  0 1138.645264 1414.783325
 0.000000704000  0 0.000000 1414.783325
 0.000000736000  -256 726.434998 1414.783325
 0.000000768000  -256 473.936035 1414.783325
 0.000000800000  -512 188.581970 1414.783325
 0.000000832000  -256 -62.468151 1414.783325
 0.000000864000  -512 -308.187347 1414.783325
 0.000000896000  -512 -532.469116 1414.783325
 0.000000928000  -768 -762.392700 1414.783325
 0.000000960000  -512 -942.870850 1414.783325
 0.000000992000  -512 0.000000 1414.783325
 0.000001024000  -768 0.000000 1414.783325
 0.000001056000  -768 0.000000 1414.783325
 0.000001088000  -768 0.000000 1414.783325
 0.000001120000  -768 0.000000 1414.783325
 0.000001152000  -512 0.000000 1414.783325
 0.000001184000  -768 0.000000 1414.783325
 0.000001216000  -512 0.000000 1414.783325
 0.000001248000  -512 0.000000 1414.783325
 0.000001280000  -512 0.000000 1414.783325

 0.000000032000  -768 0.000000 17337.419922
 0.000000064000  -768 0.000000 17337.419922
 0.000000096000  -768 0.000000 17337.419922
 0.000000128000  -768 0.000000 17337.419922
 0.000000160000  -512 0.000000 17337.419922
 0.000000192000  0 0.000000 17337.419922
 0.000000224000  512 73.718788 17337.419922
 0.000000256000  1536 341.395111 17337.419922
 0.000000288000  2816 910.457397 17337.419922
 0.000000320000  4096 1834.734863 17337.419922
 0.000000352000  5120 3089.639404 17337.419922
 0.000000384000  6144 4634.083008 17337.419922
 0.000000416000  7168 6418.335449 17337.419922
 0.000000448000  7680 8316.450195 17337.419922
 0.000000480000  8448 10268.545898 17337.419922
 0.000000512000  8704 12154.917969 17337.419922
 0.000000544000  8704 13859.283203 17337.419922
 0.000000576000  8448 15276.130859 17337.419922
 0.000000608000  8192 16351.984375 17337.419922
 0.000000640000  7680 17036.935547 17337.419922
 0.000000672000  7168 17324.039062 17337.419922
 0.000000704000  6656 17237.050781 17337.419922
 0.000000736000  5632 16745.890625 17337.419922
 0.000000768000  5120 15932.221680 17337.419922
 0.000000800000  4352 14839.815430 17337.419922
 0.000000832000  3584 13519.510742 17337.419922
 0.000000864000  3072 12060.316406 17337.419922
 0.000000896000  2304 10497.948242 17337.419922
 0.000000928000  1792 8901.802734 17337.419922
 0.000000960000  1280 7323.100586 17337.419922
 0.000000992000  768 5796.595703 17337.419922
 0.000001024000  512 4379.822266 17337.419922
 0.000001056000  0 3068.470459 17337.419922
 0.000001088000  -256 0.000000 17337.419922
 0.000001120000  -256 886.578430 17337.419922
 0.000001152000  -512 44.449383 17337.419922
 0.000001184000  -512 -624.517273 17337.419922
 0.000001216000  -768 -1160.444214 17337.419922
 0.000001248000  -512 -1527.398071 17337.419922
 0.000001280000  -512 -1749.140137 17337.419922
 0.000001312000  -768 -1889.688965 17337.419922
 0.000001344000  -512 -1926.178101 17337.419922
 0.000001376000  -512 0.000000 17337.419922
 0.000001408000  -512 0.000000 17337.419922
 0.000001440000  -512 0.000000 17337.419922
 0.000001472000  -512 0.000000 17337.419922
 0.000001504000  -512 0.000000 17337.419922
 0.000001536000  -512 0.000000 17337.419922
 0.000001568000  -512 0.000000 17337.419922
 0.000001600000  -512 0.000000 17337.419922
 0.000001632000  -512 0.000000 17337.419922
 0.000001664000  -512 0.000000 17337.419922

 0.000000032000  512 0.000000 823.610352
 0.000000064000  256 0.000000 823.610352
 0.000000096000  256 0.000000 823.610352
 0.000000128000  256 0.000000 823.610352
 0.000000160000  256 0.000000 823.610352
 0.000000192000  0 0.000000 823.610352
 0.000000224000  256 36.859394 823.610352
 0.000000256000  512 133.838165 823.610352
 0.000000288000  512 266.101471 823.610352
 0.000000320000  256 376.789978 823.610352
 0.000000352000  512 501.201355 823.610352
 0.000000384000  256 589.444519 823.610352
 0.000000416000  256 645.907471 823.610352
 0.000000448000  256 675.962891 823.610352
 0.000000480000  256 685.289062 823.610352
 0.000000512000  512 716.229797 823.610352
 0.000000544000  512 760.138916 823.610352
 0.000000576000  512 810.004211 823.610352
 0.000000608000  256 823.607788 823.610352
 0.000000640000  256 810.738586 823.610352
 0.000000672000  256 780.184631 823.610352
 0.000000704000  256 739.397217 823.610352
 0.000000736000  256 694.351685 823.610352
 0.000000768000  256 649.555359 823.610352
 0.000000800000  256 608.159119 823.610352
 0.000000832000  256 572.133484 823.610352
 0.000000864000  256 542.477051 823.610352
 0.000000896000  256 519.433411 823.610352
 0.000000928000  512 539.557129 823.610352
 0.000000960000  256 551.720947 823.610352
 0.000000992000  512 594.272339 823.610352
 0.000001024000  256 618.264648 823.610352
 0.000001056000  512 664.341370 823.610352
 0.000001088000  256 685.767883 823.610352
 0.000001120000  256 688.321838 823.610352
 0.000001152000  512 714.283203 823.610352
 0.000001184000  512 754.831848 823.610352
 0.000001216000  0 728.997864 823.610352
 0.000001248000  256 0.000000 823.610352
 0.000001280000  256 658.272522 823.610352
 0.000001312000  256 621.771240 823.610352
 0.000001344000  256 588.206970 823.610352
 0.000001376000  256 559.123840 823.610352
 0.000001408000  256 535.284851 823.610352
 0.000001440000  256 516.848877 823.610352
 0.000001472000  512 540.398010 823.610352
 0.000001504000  512 591.768921 823.610352
 0.000001536000  256 0.000000 823.610352
 0.000001568000  256 0.000000 823.610352
 0.000001600000  256 0.000000 823.610352
 0.000001632000  0 0.000000 823.610352
 0.000001664000  512 0.000000 823.610352
 0.000001696000  256 0.000000 823.610352
 0.000001728000  512 0.000000 823.610352
 0.000001760000  256 0.000000 823.610352
 0.000001792000  256 0.000000 823.610352
 0.000001824000  256 0.000000 823.610352

 0.000000032000  -512 0.000000 28254.865234
 0.000000064000  -768 0.000000 28254.865234
 0.000000096000  -768 0.000000 28254.865234
 0.000000128000  -768 0.000000 28254.865234
 0.000000160000  -512 0.000000 28254.865234
 0.000000192000  0 0.000000 28254.865234
 0.000000224000  1024 147.437576 28254.865234
 0.000000256000  2304 572.212036 28254.865234
 0.000000288000  3840 1382.541016 28254.865234
 0.000000320000  5632 2663.608643 28254.865234
 0.000000352000  7168 4404.554199 28254.865234
 0.000000384000  9216 6638.353027 28254.865234
 0.000000416000  10752 9278.990234 28254.865234
 0.000000448000  12288 12236.703125 28254.865234
 0.000000480000  13056 15314.982422 28254.865234
 0.000000512000  13824 18366.992188 28254.865234
 0.000000544000  14336 21254.535156 28254.865234
 0.000000576000  14080 23781.716797 28254.865234
 0.000000608000  13568 25799.896484 28254.865234
 0.000000640000  13056 27241.218750 28254.865234
 0.000000672000  12288 28062.650391 28254.865234
 0.000000704000  11264 28241.703125 28254.865234
 0.000000736000  10240 27808.810547 28254.865234
 0.000000768000  9216 26829.425781 28254.865234
 0.000000800000  7936 25352.046875 28254.865234
 0.000000832000  6912 23483.478516 28254.865234
 0.000000864000  5888 21326.974609 28254.865234
 0.000000896000  4864 18975.851562 28254.865234
 0.000000928000  4096 16546.583984 28254.865234
 0.000000960000  3072 14089.825195 28254.865234
 0.000000992000  2560 11716.885742 28254.865234
 0.000001024000  1792 9463.125977 28254.865234
 0.000001056000  1536 7418.545898 28254.865234
 0.000001088000  1024 5594.500000 28254.865234
 0.000001120000  768 4019.952637 28254.865234
 0.000001152000  256 2660.446533 28254.865234
 0.000001184000  0 1513.135010 28254.865234
 0.000001216000  -256 0.000000 28254.865234
 0.000001248000  0 -149.195862 28254.865234
 0.000001280000  -256 -674.426331 28254.865234
 0.000001312000  -256 -1031.989624 28254.865234
 0.000001344000  0 -1209.075928 28254.865234
 0.000001376000  -256 -1283.390991 28254.865234
 0.000001408000  -256 -1280.104004 28254.865234
 0.000001440000  -256 -1222.496460 28254.865234
 0.000001472000  0 -1093.987427 28254.865234
 0.000001504000  0 0.000000 28254.865234
 0.000001536000  0 0.000000 28254.865234
 0.000001568000  0 0.000000 28254.865234
 0.000001600000  0 0.000000 28254.865234
 0.000001632000  0 0.000000 28254.865234
 0.000001664000  0 0.000000 28254.865234
 0.000001696000  -256 0.000000 28254.865234
 0.000001728000  0 0.000000 28254.865234
 0.000001760000  0 0.000000 28254.865234
 0.000001792000  0 0.000000 28254.865234

 0.000000032000  -768 0.000000 18259.580078
 0.000000064000  -768 0.000000 18259.580078
 0.000000096000  -768 0.000000 18259.580078
 0.000000128000  -768 0.000000 18259.580078
 0.000000160000  -512 0.000000 18259.580078
 0.000000192000  0 0.000000 18259.580078
 0.000000224000  768 110.578178 18259.580078
 0.000000256000  1792 438.373871 18259.580078
 0.000000288000  2816 1042.720703 18259.580078
 0.000000320000  4096 1982.282715 18259.580078
 0.000000352000  5376 3274.170410 18259.580078
 0.000000384000  6400 4868.188965 18259.580078
 0.000000416000  7168 6670.440430 18259.580078
 0.000000448000  7936 8599.919922 18259.580078
 0.000000480000  8704 10590.518555 18259.580078
 0.000000512000  8960 12517.639648 18259.580078
 0.000000544000  9216 14298.258789 18259.580078
 0.000000576000  9216 15847.693359 18259.580078
 0.000000608000  8704 17049.332031 18259.580078
 0.000000640000  8192 17846.232422 18259.580078
 0.000000672000  7680 18227.498047 18259.580078
 0.000000704000  6912 18178.529297 18259.580078
 0.000000736000  6400 17756.898438 18259.580078
 0.000000768000  5632 16993.044922 18259.580078
 0.000000800000  4864 15933.009766 18259.580078
 0.000000832000  4096 14630.482422 18259.580078
 0.000000864000  3584 13177.526367 18259.580078
 0.000000896000  3072 11649.694336 18259.580078
 0.000000928000  2048 10031.772461 18259.580078
 0.000000960000  1280 8356.413086 18259.580078
 0.000000992000  1024 6724.423828 18259.580078
 0.000001024000  768 5203.555664 18259.580078
 0.000001056000  256 3796.578857 18259.580078
 0.000001088000  0 2534.102539 18259.580078
 0.000001120000  0 0.000000 18259.580078
 0.000001152000  -256 569.591003 18259.580078
 0.000001184000  -512 -174.007950 18259.580078
 0.000001216000  -512 -757.977356 18259.580078
 0.000001248000  -512 -1187.680664 18259.580078
 0.000001280000  -768 -1514.853882 18259.580078
 0.000001312000  -768 -1746.391113 18259.580078
 0.000001344000  -768 -1894.023926 18259.580078
 0.000001376000  -512 -1935.181396 18259.580078
 0.000001408000  -512 0.000000 18259.580078
 0.000001440000  -768 0.000000 18259.580078
 0.000001472000  -512 0.000000 18259.580078
 0.000001504000  -512 0.000000 18259.580078
 0.000001536000  -256 0.000000 18259.580078
 0.000001568000  -512 0.000000 18259.580078
 0.000001600000  -512 0.000000 18259.580078
 0.000001632000  -512 0.000000 18259.580078
 0.000001664000  -512 0.000000 18259.580078
 0.000001696000  -256 0.000000 18259.580078

 0.000000032000  -768 0.000000 1809.874756
 0.000000064000  -512 0.000000 1809.874756
 0.000000096000  -512 0.000000 1809.874756
 0.000000128000  -512 0.000000 1809.874756
 0.000000160000  0 0.000000 1809.874756
 0.000000192000  0 0.000000 1809.874756
 0.000000224000  512 73.718788 1809.874756
 0.000000256000  512 193.957535 1809.874756
 0.000000288000  768 375.104828 1809.874756
 0.000000320000  768 586.032104 1809.874756
 0.000000352000  1024 839.570374 1809.874756
 0.000000384000  1024 1104.813232 1809.874756
 0.000000416000  1024 1359.189697 1809.874756
 0.000000448000  768 1550.754517 1809.874756
 0.000000480000  768 1684.369507 1809.874756
 0.000000512000  768 1767.624634 1809.874756
 0.000000544000  768 1809.481201 1809.874756
 0.000000576000  512 1782.360352 1809.874756
 0.000000608000  512 1708.698242 1809.874756
 0.000000640000  256 1570.759521 1809.874756
 0.000000672000  256 1397.562256 1809.874756
 0.000000704000  0 1175.186279 1809.874756
 0.000000736000  0 0.000000 1809.874756
 0.000000768000  -256 660.737549 1809.874756
 0.000000800000  -256 384.025177 1809.874756
 0.000000832000  -256 124.980347 1809.874756
 0.000000864000  -256 -102.994637 1809.874756
 0.000000896000  -512 -329.573608 1809.874756
 0.000000928000  -512 -538.859436 1809.874756
 0.000000960000  -512 -720.920898 1809.874756
 0.000000992000  -512 -870.735779 1809.874756
 0.000001024000  -768 0.000000 1809.874756
 0.000001056000  -768 0.000000 1809.874756
 0.000001088000  -768 0.000000 1809.874756
 0.000001120000  -768 0.000000 1809.874756
 0.000001152000  -768 0.000000 1809.874756
 0.000001184000  -768 0.000000 1809.874756
 0.000001216000  -768 0.000000 1809.874756
 0.000001248000  -768 0.000000 1809.874756
 0.000001280000  -768 0.000000 1809.874756
 0.000001312000  -768 0.000000 1809.874756

 0.000000032000  -768 0.000000 1723.709106
 0.000000064000  -512 0.000000 1723.709106
 0.000000096000  -256 0.000000 1723.709106
 0.000000128000  -256 0.000000 1723.709106
 0.000000160000  0 0.000000 1723.709106
 0.000000192000  0 0.000000 1723.709106
 0.000000224000  256 36.859394 1723.709106
 0.000000256000  512 133.838165 1723.709106
 0.000000288000  512 266.101471 1723.709106
 0.000000320000  512 413.649353 1723.709106
 0.000000352000  768 598.180115 1723.709106
 0.000000384000  1024 832.286133 1723.709106
 0.000000416000  1024 1084.391846 1723.709106
 0.000000448000  768 1294.143188 1723.709106
 0.000000480000  768 1459.017700 1723.709106
 0.000000512000  1024 1617.332153 1723.709106
 0.000000544000  512 1685.918457 1723.709106
 0.000000576000  768 1723.344360 1723.709106
 0.000000608000  512 1699.309570 1723.709106
 0.000000640000  256 1596.936768 1723.709106
 0.000000672000  256 1446.859131 1723.709106
 0.000000704000  256 1274.047485 1723.709106
 0.000000736000  0 1060.834595 1723.709106
 0.000000768000  0 0.000000 1723.709106
 0.000000800000  -256 578.552429 1723.709106
 0.000000832000  -256 320.054382 1723.709106
 0.000000864000  -512 41.560814 1723.709106
 0.000000896000  -256 -194.081909 1723.709106
 0.000000928000  -512 -419.494141 1723.709106
 0.000000960000  -768 -658.345703 1723.709106
 0.000000992000  -512 -852.591003 1723.709106
 0.000001024000  -512 -1001.492615 1723.709106
 0.000001056000  -768 0.000000 1723.709106
 0.000001088000  -512 0.000000 1723.709106
 0.000001120000  -512 0.000000 1723.709106
 0.000001152000  -768 0.000000 1723.709106
 0.000001184000  -512 0.000000 1723.709106
 0.000001216000  -512 0.000000 1723.709106
 0.000001248000  -512 0.000000 1723.709106
 0.000001280000  -768 0.000000 1723.709106
 0.000001312000  -768 0.000000 1723.709106
 0.000001344000  -768 0.000000 1723.709106

 0.000000032000  256 0.000000 636.238647
 0.000000064000  256 0.000000 636.238647
 0.000000096000  256 0.000000 636.238647
 0.000000128000  256 0.000000 636.238647
 0.000000160000  256 0.000000 636.238647
 0.000000192000  0 0.000000 636.238647
 0.000000224000  256 36.859394 636.238647
 0.000000256000  256 96.978767 636.238647
 0.000000288000  256 169.122711 636.238647
 0.000000320000  256 244.526657 636.238647
 0.000000352000  256 316.794128 636.238647
 0.000000384000  256 381.653931 636.238647
 0.000000416000  256 436.636536 636.238647
 0.000000448000  256 480.716888 636.238647
 0.000000480000  256 513.959106 636.238647
 0.000000512000  512 574.047974 636.238647
 0.000000544000  256 611.825806 636.238647
 0.000000576000  256 631.198547 636.238647
 0.000000608000  256 636.237061 636.238647
 0.000000640000  256 630.835327 636.238647
 0.000000672000  0 581.623291 636.238647
 0.000000704000  256 0.000000 636.238647
 0.000000736000  0 475.145599 636.238647
 0.000000768000  256 430.788452 636.238647
 0.000000800000  0 368.590820 636.238647
 0.000000832000  256 335.187744 636.238647
 0.000000864000  256 324.433014 636.238647
 0.000000896000  0 293.515778 636.238647
 0.000000928000  256 287.508698 636.238647
 0.000000960000  256 299.446838 636.238647
 0.000000992000  0 0.000000 636.238647
 0.000001024000  0 0.000000 636.238647
 0.000001056000  256 0.000000 636.238647
 0.000001088000  256 0.000000 636.238647
 0.000001120000  256 0.000000 636.238647
 0.000001152000  256 0.000000 636.238647
 0.000001184000  256 0.000000 636.238647
 0.000001216000  256 0.000000 636.238647
 0.000001248000  256 0.000000 636.238647
 0.000001280000  256 0.000000 636.238647

 0.000000032000  -768 0.000000 1295.131836
 0.000000064000  -512 0.000000 1295.131836
 0.000000096000  -768 0.000000 1295.131836
 0.000000128000  -512 0.000000 1295.131836
 0.000000160000  -512 0.000000 1295.131836
 0.000000192000  -256 0.000000 1295.131836
 0.000000224000  256 36.859394 1295.131836
 0.000000256000  256 96.978767 1295.131836
 0.000000288000  256 169.122711 1295.131836
 0.000000320000  512 281.386047 1295.131836
 0.000000352000  512 413.772888 1295.131836
 0.000000384000  256 513.917236 1295.131836
 0.000000416000  512 621.043823 1295.131836
 0.000000448000  512 725.367004 1295.131836
 0.000000480000  768 857.068359 1295.131836
 0.000000512000  768 998.536255 1295.131836
 0.000000544000  768 1136.686035 1295.131836
 0.000000576000  512 1225.697998 1295.131836
 0.000000608000  512 1273.756348 1295.131836
 0.000000640000  512 1289.562988 1295.131836
 0.000000672000  0 1207.838867 1295.131836
 0.000000704000  0 0.000000 1295.131836
 0.000000736000  -256 848.488831 1295.131836
 0.000000768000  0 636.293396 1295.131836
 0.000000800000  -256 404.445374 1295.131836
 0.000000832000  -512 138.612411 1295.131836
 0.000000864000  -512 -131.975662 1295.131836
 0.000000896000  -512 -386.426849 1295.131836
 0.000000928000  -512 -611.214966 1295.131836
 0.000000960000  -512 -798.966125 1295.131836
 0.000000992000  -768 0.000000 1295.131836
 0.000001024000  -768 0.000000 1295.131836
 0.000001056000  -768 0.000000 1295.131836
 0.000001088000  -768 0.000000 1295.131836
 0.000001120000  -768 0.000000 1295.131836
 0.000001152000  -768 0.000000 1295.131836
 0.000001184000  -768 0.000000 1295.131836
 0.000001216000  -768 0.000000 1295.131836
 0.000001248000  -768 0.000000 1295.131836
 0.000001280000  -512 0.000000 1295.131836

 0.000000032000  -768 0.000000 7670.623047
 0.000000064000  -768 0.000000 7670.623047
 0.000000096000  -768 0.000000 7670.623047
 0.000000128000  -768 0.000000 7670.623047
 0.000000160000  -512 0.000000 7670.623047
 0.000000192000  -256 0.000000 7670.623047
 0.000000224000  256 36.859394 7670.623047
 0.000000256000  768 170.697556 7670.623047
 0.000000288000  1024 399.939606 7670.623047
 0.000000320000  1792 790.329041 7670.623047
 0.000000352000  2304 1339.625244 7670.623047
 0.000000384000  2816 2034.813232 7670.623047
 0.000000416000  3328 2856.240234 7670.623047
 0.000000448000  3584 3744.141846 7670.623047
 0.000000480000  3584 4614.856445 7670.623047
 0.000000512000  3840 5447.663574 7670.623047
 0.000000544000  3840 6193.866211 7670.623047
 0.000000576000  3584 6788.603027 7670.623047
 0.000000608000  3840 7270.896973 7670.623047
 0.000000640000  3328 7565.700684 7670.623047
 0.000000672000  3072 7670.608887 7670.623047
 0.000000704000  2560 7560.742188 7670.623047
 0.000000736000  2304 7270.930664 7670.623047
 0.000000768000  1792 6801.755859 7670.623047
 0.000000800000  1536 6203.399902 7670.623047
 0.000000832000  1280 5520.441406 7670.623047
 0.000000864000  1024 4790.311523 7670.623047
 0.000000896000  512 4005.862305 7670.623047
 0.000000928000  512 3239.698242 7670.623047
 0.000000960000  0 2467.827393 7670.623047
 0.000000992000  0 0.000000 7670.623047
 0.000001024000  -256 1078.439453 7670.623047
 0.000001056000  -512 456.699799 7670.623047
 0.000001088000  -512 -87.003372 7670.623047
 0.000001120000  -768 -573.561584 7670.623047
 0.000001152000  -768 -984.916992 7670.623047
 0.000001184000  -512 -1276.928711 7670.623047
 0.000001216000  -768 -1500.874634 7670.623047
 0.000001248000  -512 -1623.986206 7670.623047
 0.000001280000  -768 0.000000 7670.623047
 0.000001312000  -768 0.000000 7670.623047
 0.000001344000  -768 0.000000 7670.623047
 0.000001376000  -768 0.000000 7670.623047
 0.000001408000  -768 0.000000 7670.623047
 0.000001440000  -1024 0.000000 7670.623047
 0.000001472000  -768 0.000000 7670.623047
 0.000001504000  -768 0.000000 7670.623047
 0.000001536000  -768 0.000000 7670.623047
 0.000001568000  -768 0.000000 7670.623047

 0.000000032000  -512 0.000000 10455.165039
 0.000000064000  -512 0.000000 10455.165039
 0.000000096000  -512 0.000000 10455.165039
 0.000000128000  -512 0.000000 10455.165039
 0.000000160000  -256 0.000000 10455.165039
 0.000000192000  0 0.000000 10455.165039
 0.000000224000  768 110.578178 10455.165039
 0.000000256000  1536 401.514496 10455.165039
 0.000000288000  2048 872.023193 10455.165039
 0.000000320000  2816 1545.483643 10455.165039
 0.000000352000  3584 2423.721924 10455.165039
 0.000000384000  4096 3456.420166 10455.165039
 0.000000416000  4608 4597.083008 10455.165039
 0.000000448000  4864 5768.391602 10455.165039
 0.000000480000  5120 6913.780762 10455.165039
 0.000000512000  5120 7958.489258 10455.165039
 0.000000544000  5376 8894.065430 10455.165039
 0.000000576000  4864 9611.845703 10455.165039
 0.000000608000  4864 10124.833984 10455.165039
 0.000000640000  4608 10420.056641 10455.165039
 0.000000672000  3840 10430.349609 10455.165039
 0.000000704000  3584 10202.726562 10455.165039
 0.000000736000  3072 9750.508789 10455.165039
 0.000000768000  2816 9136.087891 10455.165039
 0.000000800000  2304 8378.145508 10455.165039
 0.000000832000  1792 7500.148438 10455.165039
 0.000000864000  1280 6527.237305 10455.165039
 0.000000896000  1024 5520.779297 10455.165039
 0.000000928000  768 4526.333984 10455.165039
 0.000000960000  512 3575.065918 10455.165039
 0.000000992000  0 2648.916504 10455.165039
 0.000001024000  0 0.000000 10455.165039
 0.000001056000  -256 1048.319092 10455.165039
 0.000001088000  -256 402.538239 10455.165039
 0.000001120000  -256 -117.308212 10455.165039
 0.000001152000  -256 -511.193817 10455.165039
 0.000001184000  -256 -788.168091 10455.165039
 0.000001216000  -512 -999.869080 10455.165039
 0.000001248000  -512 -1150.439941 10455.165039
 0.000001280000  -256 -1210.334961 10455.165039
 0.000001312000  -512 0.000000 10455.165039
 0.000001344000  -256 0.000000 10455.165039
 0.000001376000  -512 0.000000 10455.165039
 0.000001408000  -512 0.000000 10455.165039
 0.000001440000  -512 0.000000 10455.165039
 0.000001472000  -512 0.000000 10455.165039
 0.000001504000  -512 0.000000 10455.165039
 0.000001536000  -512 0.000000 10455.165039
 0.000001568000  -512 0.000000 10455.165039
 0.000001600000  -512 0.000000 10455.165039

 0.000000032000  256 0.000000 584.968689
 0.000000064000  256 0.000000 584.968689
 0.000000096000  0 0.000000 584.968689
 0.000000128000  256 0.000000 584.968689
 0.000000160000  256 0.000000 584.968689
 0.000000192000  0 0.000000 584.968689
 0.000000224000  256 36.859394 584.968689
 0.000000256000  256 96.978767 584.968689
 0.000000288000  512 205.982101 584.968689
 0.000000320000  256 304.646027 584.968689
 0.000000352000  256 388.938049 584.968689
 0.000000384000  256 457.057861 584.968689
 0.000000416000  256 508.903931 584.968689
 0.000000448000  256 545.576538 584.968689
 0.000000480000  256 568.941528 584.968689
 0.000000512000  256 581.268677 584.968689
 0.000000544000  256 584.948364 584.968689
 0.000000576000  256 582.283691 584.968689
 0.000000608000  256 575.350586 584.968689
 0.000000640000  0 529.056335 584.968689
 0.000000672000  0 0.000000 584.968689
 0.000000704000  0 375.761902 584.968689
 0.000000736000  256 327.456390 584.968689
 0.000000768000  256 306.781311 584.968689
 0.000000800000  256 307.019867 584.968689
 0.000000832000  0 285.084930 584.968689
 0.000000864000  256 285.999695 584.968689
 0.000000896000  0 266.053406 584.968689
 0.000000928000  256 269.736359 584.968689
 0.000000960000  256 0.000000 584.968689
 0.000000992000  256 0.000000 584.968689
 0.000001024000  256 0.000000 584.968689
 0.000001056000  256 0.000000 584.968689
 0.000001088000  256 0.000000 584.968689
 0.000001120000  256 0.000000 584.968689
 0.000001152000  256 0.000000 584.968689
 0.000001184000  256 0.000000 584.968689
 0.000001216000  512 0.000000 584.968689
 0.000001248000  256 0.000000 584.968689

 0.000000032000  -512 0.000000 1521.656128
 0.000000064000  -512 0.000000 1521.656128
 0.000000096000  -512 0.000000 1521.656128
 0.000000128000  -256 0.000000 1521.656128
 0.000000160000  0 0.000000 1521.656128
 0.000000192000  0 0.000000 1521.656128
 0.000000224000  256 36.859394 1521.656128
 0.000000256000  256 96.978767 1521.656128
 0.000000288000  768 242.841507 1521.656128
 0.000000320000  768 438.484222 1521.656128
 0.000000352000  768 655.039551 1521.656128
 0.000000384000  768 870.707275 1521.656128
 0.000000416000  768 1070.224731 1521.656128
 0.000000448000  768 1244.024414 1521.656128
 0.000000480000  512 1350.372314 1521.656128
 0.000000512000  768 1438.502441 1521.656128
 0.000000544000  768 1507.479980 1521.656128
 0.000000576000  512 1521.167603 1521.656128
 0.000000608000  512 1494.998901 1521.656128
 0.000000640000  256 1405.834351 1521.656128
 0.000000672000  256 1278.800293 1521.656128
 0.000000704000  256 1134.287842 1521.656128
 0.000000736000  0 951.031677 1521.656128
 0.000000768000  0 0.000000 1521.656128
 0.000000800000  0 560.757812 1521.656128
 0.000000832000  -256 347.862244 1521.656128
 0.000000864000  -512 99.427025 1521.656128
 0.000000896000  -256 -119.249405 1521.656128
 0.000000928000  -256 -301.261566 1521.656128
 0.000000960000  -256 -444.394165 1521.656128
 0.000000992000  -512 -586.748108 1521.656128
 0.000001024000  -512 -718.306396 1521.656128
 0.000001056000  -512 0.000000 1521.656128
 0.000001088000  -768 0.000000 1521.656128
 0.000001120000  -512 0.000000 1521.656128
 0.000001152000  -512 0.000000 1521.656128
 0.000001184000  -512 0.000000 1521.656128
 0.000001216000  -512 0.000000 1521.656128
 0.000001248000  -512 0.000000 1521.656128
 0.000001280000  -768 0.000000 1521.656128
 0.000001312000  -768 0.000000 1521.656128
 0.000001344000  -768 0.000000 1521.656128

 0.000000032000  -768 0.000000 13535.181641
 0.000000064000  -1024 0.000000 13535.181641
 0.000000096000  -768 0.000000 13535.181641
 0.000000128000  -768 0.000000 13535.181641
 0.000000160000  -512 0.000000 13535.181641
 0.000000192000  -256 0.000000 13535.181641
 0.000000224000  512 73.718788 13535.181641
 0.000000256000  1280 304.535706 13535.181641
 0.000000288000  2048 739.759827 13535.181641
 0.000000320000  3072 1434.795288 13535.181641
 0.000000352000  3840 2373.029541 13535.181641
 0.000000384000  4608 3525.275391 13535.181641
 0.000000416000  5632 4892.465820 13535.181641
 0.000000448000  6144 6386.063477 13535.181641
 0.000000480000  6656 7934.723145 13535.181641
 0.000000512000  6656 9410.604492 13535.181641
 0.000000544000  6656 10729.069336 13535.181641
 0.000000576000  6656 11841.947266 13535.181641
 0.000000608000  6400 12693.313477 13535.181641
 0.000000640000  6144 13262.675781 13535.181641
 0.000000672000  5632 13519.072266 13535.181641
 0.000000704000  5120 13463.264648 13535.181641
 0.000000736000  4608 13118.265625 13535.181641
 0.000000768000  3840 12484.213867 13535.181641
 0.000000800000  3328 11618.873047 13535.181641
 0.000000832000  2560 10542.645508 13535.181641
 0.000000864000  2560 9395.635742 13535.181641
 0.000000896000  1792 8170.859863 13535.181641
 0.000000928000  1280 6905.865723 13535.181641
 0.000000960000  1024 5666.804688 13535.181641
 0.000000992000  768 4498.318359 13535.181641
 0.000001024000  256 3389.849854 13535.181641
 0.000001056000  0 2366.516846 13535.181641
 0.000001088000  -256 0.000000 13535.181641
 0.000001120000  -256 647.850525 13535.181641
 0.000001152000  -512 -29.311586 13535.181641
 0.000001184000  -512 -576.990295 13535.181641
 0.000001216000  -512 -994.209412 13535.181641
 0.000001248000  -512 -1289.674683 13535.181641
 0.000001280000  -512 -1478.271484 13535.181641
 0.000001312000  -512 -1578.158569 13535.181641
 0.000001344000  -512 -1608.488525 13535.181641
 0.000001376000  -512 0.000000 13535.181641
 0.000001408000  -512 0.000000 13535.181641
 0.000001440000  -512 0.000000 13535.181641
 0.000001472000  -512 0.000000 13535.181641
 0.000001504000  -768 0.000000 13535.181641
 0.000001536000  -512 0.000000 13535.181641
 0.000001568000  -512 0.000000 13535.181641
 0.000001600000  -512 0.000000 13535.181641
 0.000001632000  -512 0.000000 13535.181641
 0.000001664000  -512 0.000000 13535.181641

 0.000000032000  -768 0.000000 1578.522949
 0.000000064000  -512 0.000000 1578.522949
 0.000000096000  -256 0.000000 1578.522949
 0.000000128000  0 0.000000 1578.522949
 0.000000160000  0 0.000000 1578.522949
 0.000000192000  0 0.000000 1578.522949
 0.000000224000  256 36.859394 1578.522949
 0.000000256000  768 170.697556 1578.522949
 0.000000288000  768 363.080231 1578.522949
 0.000000320000  768 582.772034 1578.522949
 0.000000352000  768 805.847351 1578.522949
 0.000000384000  1024 1052.101318 1578.522949
 0.000000416000  768 1260.063232 1578.522949
 0.000000448000  768 1426.133057 1578.522949
 0.000000480000  512 1513.936279 1578.522949
 0.000000512000  768 1577.253418 1578.522949
 0.000000544000  256 1545.078979 1578.522949
 0.000000576000  256 1448.086792 1578.522949
 0.000000608000  256 1312.507690 1578.522949
 0.000000640000  0 1122.701782 1578.522949
 0.000000672000  0 0.000000 1578.522949
 0.000000704000  0 692.401306 1578.522949
 0.000000736000  -256 453.814270 1578.522949
 0.000000768000  -256 216.548798 1578.522949
 0.000000800000  -512 -39.565979 1578.522949
 0.000000832000  -512 -290.494568 1578.522949
 0.000000864000  -512 -519.712463 1578.522949
 0.000000896000  -512 -717.165283 1578.522949
 0.000000928000  -768 -914.930664 1578.522949
 0.000000960000  -768 0.000000 1578.522949
 0.000000992000  -512 0.000000 1578.522949
 0.000001024000  -768 0.000000 1578.522949
 0.000001056000  -768 0.000000 1578.522949
 0.000001088000  -768 0.000000 1578.522949
 0.000001120000  -768 0.000000 1578.522949
 0.000001152000  -768 0.000000 1578.522949
 0.000001184000  -768 0.000000 1578.522949
 0.000001216000  -768 0.000000 1578.522949
 0.000001248000  -768 0.000000 1578.522949

 0.000000032000  256 699.904785 871.735291
 0.000000064000  0 644.285278 871.735291
 0.000000096000  256 0.000000 871.735291
 0.000000128000  256 0.000000 871.735291
 0.000000160000  256 0.000000 871.735291
 0.000000192000  0 0.000000 871.735291
 0.000000224000  256 36.859394 871.735291
 0.000000256000  256 96.978767 871.735291
 0.000000288000  512 205.982101 871.735291
 0.000000320000  256 304.646027 871.735291
 0.000000352000  256 388.938049 871.735291
 0.000000384000  256 457.057861 871.735291
 0.000000416000  256 508.903931 871.735291
 0.000000448000  256 545.576538 871.735291
 0.000000480000  256 568.941528 871.735291
 0.000000512000  256 581.268677 871.735291
 0.000000544000  512 621.807800 871.735291
 0.000000576000  512 679.262512 871.735291
 0.000000608000  256 707.613892 871.735291
 0.000000640000  512 750.322876 871.735291
 0.000000672000  256 763.191711 871.735291
 0.000000704000  256 754.155457 871.735291
 0.000000736000  512 767.229004 871.735291
 0.000000768000  512 794.905396 871.735291
 0.000000800000  256 793.996338 871.735291
 0.000000832000  512 809.915466 871.735291
 0.000000864000  512 836.519287 871.735291
 0.000000896000  512 868.719788 871.735291
 0.000000928000  256 865.677368 871.735291
 0.000000960000  256 838.076782 871.735291
 0.000000992000  256 795.197998 871.735291
 0.000001024000  256 744.664917 871.735291
 0.000001056000  256 692.388489 871.735291
 0.000001088000  256 642.649902 871.735291
 0.000001120000  256 598.276245 871.735291
 0.000001152000  256 560.868835 871.735291
 0.000001184000  256 531.051941 871.735291
 0.000001216000  256 508.717987 871.735291
 0.000001248000  256 493.252625 871.735291
 0.000001280000  0 446.870148 871.735291
 0.000001312000  256 0.000000 871.735291
 0.000001344000  256 406.020355 871.735291
 0.000001376000  512 441.419067 871.735291
 0.000001408000  256 471.386841 871.735291
 0.000001440000  256 495.379120 871.735291
 0.000001472000  256 513.443176 871.735291
 0.000001504000  512 562.898438 871.735291
 0.000001536000  256 594.003113 871.735291
 0.000001568000  512 646.826782 871.735291
 0.000001600000  512 0.000000 871.735291
 0.000001632000  512 0.000000 871.735291
 0.000001664000  256 0.000000 871.735291
 0.000001696000  512 0.000000 871.735291
 0.000001728000  512 0.000000 871.735291
 0.000001760000  512 0.000000 871.735291
 0.000001792000  256 0.000000 871.735291
 0.000001824000  512 0.000000 871.735291
 0.000001856000  512 0.000000 871.735291
 0.000001888000  256 0.000000 871.735291

