 0.000000032000  -512 0.000000 8512.528320
 0.000000064000  -768 0.000000 8512.528320
 0.000000096000  -768 0.000000 8512.528320
 0.000000128000  -768 0.000000 8512.528320
 0.000000160000  -256 0.000000 8512.528320
 0.000000192000  -256 0.000000 8512.528320
 0.000000224000  512 73.718788 8512.528320
 0.000000256000  1024 267.676331 8512.528320
 0.000000288000  1536 605.921753 8512.528320
 0.000000320000  2048 1094.975098 8512.528320
 0.000000352000  2816 1765.422607 8512.528320
 0.000000384000  3072 2551.990234 8512.528320
 0.000000416000  3584 3437.287354 8512.528320
 0.000000448000  3840 4365.121094 8512.528320
 0.000000480000  4096 5292.923340 8512.528320
 0.000000512000  4352 6190.769531 8512.528320
 0.000000544000  4352 7002.918945 8512.528320
 0.000000576000  4096 7659.492676 8512.528320
 0.000000608000  4096 8159.423340 8512.528320
 0.000000640000  3584 8439.519531 8512.528320
 0.000000672000  3328 8508.040039 8512.528320
 0.000000704000  2816 8349.164062 8512.528320
 0.000000736000  2560 8004.997559 8512.528320
 0.000000768000  2048 7481.622559 8512.528320
 0.000000800000  1792 6833.077148 8512.528320
 0.000000832000  1536 6106.362305 8512.528320
 0.000000864000  1024 5303.289062 8512.528320
 0.000000896000  1024 4504.347168 8512.528320
 0.000000928000  768 3728.967041 8512.528320
 0.000000960000  256 2952.253174 8512.528320
 0.000000992000  256 2230.518066 8512.528320
 0.000001024000  0 1562.534302 8512.528320
 0.000001056000  -256 0.000000 8512.528320
 0.000001088000  -512 366.766388 8512.528320
 0.000001120000  -512 -138.870071 8512.528320
 0.000001152000  -512 -558.072693 8512.528320
 0.000001184000  -512 -886.330200 8512.528320
 0.000001216000  -512 -1127.018311 8512.528320
 0.000001248000  -512 -1288.814575 8512.528320
 0.000001280000  -512 -1383.499146 8512.528320
 0.000001312000  -768 -1461.044556 8512.528320
 0.000001344000  -512 0.000000 8512.528320
 0.000001376000  -512 0.000000 8512.528320
 0.000001408000  -768 0.000000 8512.528320
 0.000001440000  -768 0.000000 8512.528320
 0.000001472000  -512 0.000000 8512.528320
 0.000001504000  -512 0.000000 8512.528320
 0.000001536000  -512 0.000000 8512.528320
 0.000001568000  -768 0.000000 8512.528320
 0.000001600000  -512 0.000000 8512.528320
 0.000001632000  -512 0.000000 8512.528320

 0.000000032000  -512 0.000000 25088.820312
 0.000000064000  -512 0.000000 25088.820312
 0.000000096000  -512 0.000000 25088.820312
 0.000000128000  -768 0.000000 25088.820312
 0.000000160000  -512 0.000000 25088.820312
 0.000000192000  -512 0.000000 25088.820312
 0.000000224000  256 36.859394 25088.820312
 0.000000256000  1024 207.556946 25088.820312
 0.000000288000  2304 644.355957 25088.820312
 0.000000320000  3584 1421.085449 25088.820312
 0.000000352000  5120 2602.037598 25088.820312
 0.000000384000  6656 4203.311523 25088.820312
 0.000000416000  8192 6205.966309 25088.820312
 0.000000448000  9984 8604.649414 25088.820312
 0.000000480000  11008 11256.509766 25088.820312
 0.000000512000  11776 14006.030273 25088.820312
 0.000000544000  12288 16699.988281 25088.820312
 0.000000576000  12544 19197.804688 25088.820312
 0.000000608000  12544 21377.902344 25088.820312
 0.000000640000  12032 23103.966797 25088.820312
 0.000000672000  11520 24312.849609 25088.820312
 0.000000704000  10752 24960.527344 25088.820312
 0.000000736000  9984 25056.449219 25088.820312
 0.000000768000  8704 24573.265625 25088.820312
 0.000000800000  7680 23570.298828 25088.820312
 0.000000832000  6656 22126.667969 25088.820312
 0.000000864000  6144 20403.447266 25088.820312
 0.000000896000  5120 18460.283203 25088.820312
 0.000000928000  4352 16391.800781 25088.820312
 0.000000960000  3328 14236.691406 25088.820312
 0.000000992000  2816 12102.109375 25088.820312
 0.000001024000  2048 10025.050781 25088.820312
 0.000001056000  1536 8064.244629 25088.820312
 0.000001088000  1024 6252.610352 25088.820312
 0.000001120000  1024 4676.270020 25088.820312
 0.000001152000  256 3268.254150 25088.820312
 0.000001184000  256 2079.941162 25088.820312
 0.000001216000  0 1094.776001 25088.820312
 0.000001248000  0 0.000000 25088.820312
 0.000001280000  0 -242.262344 25088.820312
 0.000001312000  -256 -659.330566 25088.820312
 0.000001344000  -256 -941.938538 25088.820312
 0.000001376000  -256 -1109.670654 25088.820312
 0.000001408000  -256 -1184.565796 25088.820312
 0.000001440000  -256 -1188.801147 25088.820312
 0.000001472000  -256 -1143.055176 25088.820312
 0.000001504000  -256 -1065.463745 25088.820312
 0.000001536000  -256 0.000000 25088.820312
 0.000001568000  0 0.000000 25088.820312
 0.000001600000  0 0.000000 25088.820312
 0.000001632000  0 0.000000 25088.820312
 0.000001664000  0 0.000000 25088.820312
 0.000001696000  256 0.000000 25088.820312
 0.000001728000  0 0.000000 25088.820312
 0.000001760000  0 0.000000 25088.820312
 0.000001792000  0 0.000000 25088.820312
 0.000001824000  0 0.000000 25088.820312

 0.000000032000  -768 0.000000 3709.273682
 0.000000064000  -768 0.000000 3709.273682
 0.000000096000  -768 0.000000 3709.273682
 0.000000128000  -768 0.000000 3709.273682
 0.000000160000  -256 0.000000 3709.273682
 0.000000192000  0 0.000000 3709.273682
 0.000000224000  256 36.859394 3709.273682
 0.000000256000  512 133.838165 3709.273682
 0.000000288000  1024 339.820282 3709.273682
 0.000000320000  1280 644.466309 3709.273682
 0.000000352000  1536 1033.404297 3709.273682
 0.000000384000  1792 1490.462036 3709.273682
 0.000000416000  1792 1962.506470 3709.273682
 0.000000448000  1792 2411.104248 3709.273682
 0.000000480000  1792 2810.923340 3709.273682
 0.000000512000  1792 3147.665283 3709.273682
 0.000000544000  1792 3415.819580 3709.273682
 0.000000576000  1536 3579.590332 3709.273682
 0.000000608000  1792 3695.044678 3709.273682
 0.000000640000  1280 3694.500488 3709.273682
 0.000000672000  1280 3612.443848 3709.273682
 0.000000704000  1024 3442.129150 3709.273682
 0.000000736000  512 3148.308105 3709.273682
 0.000000768000  512 2788.810059 3709.273682
 0.000000800000  256 2372.159668 3709.273682
 0.000000832000  0 1908.464844 3709.273682
 0.000000864000  0 0.000000 3709.273682
 0.000000896000  0 1015.267029 3709.273682
 0.000000928000  -256 603.144592 3709.273682
 0.000000960000  -512 196.267502 3709.273682
 0.000000992000  -512 -177.630478 3709.273682
 0.000001024000  -768 -538.285034 3709.273682
 0.000001056000  -512 -826.805664 3709.273682
 0.000001088000  -512 -1043.842651 3709.273682
 0.000001120000  -512 -1194.999268 3709.273682
 0.000001152000  -768 0.000000 3709.273682
 0.000001184000  -512 0.000000 3709.273682
 0.000001216000  -768 0.000000 3709.273682
 0.000001248000  -768 0.000000 3709.273682
 0.000001280000  -768 0.000000 3709.273682
 0.000001312000  -768 0.000000 3709.273682
 0.000001344000  -768 0.000000 3709.273682
 0.000001376000  -768 0.000000 3709.273682
 0.000001408000  -768 0.000000 3709.273682
 0.000001440000  -768 0.000000 3709.273682

 0.000000032000  -768 0.000000 8583.747070
 0.000000064000  -512 0.000000 8583.747070
 0.000000096000  -768 0.000000 8583.747070
 0.000000128000  -768 0.000000 8583.747070
 0.000000160000  -512 0.000000 8583.747070
 0.000000192000  0 0.000000 8583.747070
 0.000000224000  256 36.859394 8583.747070
 0.000000256000  1024 207.556946 8583.747070
 0.000000288000  1536 533.777771 8583.747070
 0.000000320000  2304 1056.430420 8583.747070
 0.000000352000  2816 1753.274414 8583.747070
 0.000000384000  3328 2596.133789 8583.747070
 0.000000416000  3584 3517.828369 8583.747070
 0.000000448000  4096 4502.312012 8583.747070
 0.000000480000  4352 5496.924805 8583.747070
 0.000000512000  4352 6427.055176 8583.747070
 0.000000544000  4352 7244.891113 8583.747070
 0.000000576000  4096 7888.043457 8583.747070
 0.000000608000  3840 8325.226562 8583.747070
 0.000000640000  3584 8549.273438 8583.747070
 0.000000672000  3328 8570.487305 8583.747070
 0.000000704000  3072 8410.716797 8583.747070
 0.000000736000  2560 8061.489746 8583.747070
 0.000000768000  2048 7530.490234 8583.747070
 0.000000800000  1536 6836.207031 8583.747070
 0.000000832000  1280 6040.251465 8583.747070
 0.000000864000  1024 5193.259277 8583.747070
 0.000000896000  512 4297.643066 8583.747070
 0.000000928000  512 3432.318848 8583.747070
 0.000000960000  256 2613.727295 8583.747070
 0.000000992000  256 1886.921509 8583.747070
 0.000001024000  -256 1203.249390 8583.747070
 0.000001056000  -256 0.000000 8583.747070
 0.000001088000  -256 94.403824 8583.747070
 0.000001120000  -512 -340.945374 8583.747070
 0.000001152000  -768 -733.045227 8583.747070
 0.000001184000  -512 -1029.652100 8583.747070
 0.000001216000  -512 -1237.770752 8583.747070
 0.000001248000  -512 -1368.696289 8583.747070
 0.000001280000  -768 -1472.786133 8583.747070
 0.000001312000  -768 -1550.515991 8583.747070
 0.000001344000  -768 0.000000 8583.747070
 0.000001376000  -1024 0.000000 8583.747070
 0.000001408000  -768 0.000000 8583.747070
 0.000001440000  -768 0.000000 8583.747070
 0.000001472000  -768 0.000000 8583.747070
 0.000001504000  -768 0.000000 8583.747070
 0.000001536000  -512 0.000000 8583.747070
 0.000001568000  -512 0.000000 8583.747070
 0.000001600000  -768 0.000000 8583.747070
 0.000001632000  -512 0.000000 8583.747070

 0.000000032000  -512 0.000000 7186.737793
 0.000000064000  -512 0.000000 7186.737793
 0.000000096000  -768 0.000000 7186.737793
 0.000000128000  -512 0.000000 7186.737793
 0.000000160000  -512 0.000000 7186.737793
 0.000000192000  -256 0.000000 7186.737793
 0.000000224000  256 36.859394 7186.737793
 0.000000256000  512 133.838165 7186.737793
 0.000000288000  1024 339.820282 7186.737793
 0.000000320000  1536 681.325745 7186.737793
 0.000000352000  2048 1167.242554 7186.737793
 0.000000384000  2560 1793.423096 7186.737793
 0.000000416000  2816 2509.994385 7186.737793
 0.000000448000  3072 3275.386475 7186.737793
 0.000000480000  3328 4056.859375 7186.737793
 0.000000512000  3584 4830.237793 7186.737793
 0.000000544000  3840 5579.108887 7186.737793
 0.000000576000  3584 6219.979004 7186.737793
 0.000000608000  3584 6738.784180 7186.737793
 0.000000640000  3072 7060.704102 7186.737793
 0.000000672000  2816 7184.171875 7186.737793
 0.000000704000  2560 7122.372559 7186.737793
 0.000000736000  2304 6897.912598 7186.737793
 0.000000768000  2304 6575.255371 7186.737793
 0.000000800000  1792 6133.071289 7186.737793
 0.000000832000  1280 5564.970215 7186.737793
 0.000000864000  1024 4912.384277 7186.737793
 0.000000896000  768 4210.522461 7186.737793
 0.000000928000  512 3487.686523 7186.737793
 0.000000960000  256 2765.283447 7186.737793
 0.000000992000  256 2095.191162 7186.737793
 0.000001024000  -256 1436.397217 7186.737793
 0.000001056000  -256 0.000000 7186.737793
 0.000001088000  -512 275.058929 7186.737793
 0.000001120000  -256 -173.836929 7186.737793
 0.000001152000  -512 -550.631470 7186.737793
 0.000001184000  -512 -849.610291 7186.737793
 0.000001216000  -768 -1109.217407 7186.737793
 0.000001248000  -512 -1285.595947 7186.737793
 0.000001280000  -1024 -1464.482788 7186.737793
 0.000001312000  -512 -1558.536011 7186.737793
 0.000001344000  -512 0.000000 7186.737793
 0.000001376000  -512 0.000000 7186.737793
 0.000001408000  -512 0.000000 7186.737793
 0.000001440000  -512 0.000000 7186.737793
 0.000001472000  -768 0.000000 7186.737793
 0.000001504000  -512 0.000000 7186.737793
 0.000001536000  -512 0.000000 7186.737793
 0.000001568000  -512 0.000000 7186.737793
 0.000001600000  -768 0.000000 7186.737793
 0.000001632000  -512 0.000000 7186.737793

 0.000000032000  -768 0.000000 22641.931641
 0.000000064000  -512 0.000000 22641.931641
 0.000000096000  -768 0.000000 22641.931641
 0.000000128000  -768 0.000000 22641.931641
 0.000000160000  -512 0.000000 22641.931641
 0.000000192000  -256 0.000000 22641.931641
 0.000000224000  256 36.859394 22641.931641
 0.000000256000  1024 207.556946 22641.931641
 0.000000288000  2048 607.496582 22641.931641
 0.000000320000  3584 1360.966309 22641.931641
 0.000000352000  4864 2493.034668 22641.931641
 0.000000384000  6400 4030.929443 22641.931641
 0.000000416000  7936 5964.577148 22641.931641
 0.000000448000  8960 8184.686035 22641.931641
 0.000000480000  9984 10593.797852 22641.931641
 0.000000512000  11008 13109.788086 22641.931641
 0.000000544000  11264 15556.647461 22641.931641
 0.000000576000  11264 17778.753906 22641.931641
 0.000000608000  11264 19682.878906 22641.931641
 0.000000640000  10752 21152.652344 22641.931641
 0.000000672000  10240 22137.535156 22641.931641
 0.000000704000  9472 22600.039062 22641.931641
 0.000000736000  8704 22551.416016 22641.931641
 0.000000768000  7936 22036.375000 22641.931641
 0.000000800000  6912 21083.064453 22641.931641
 0.000000832000  5888 19742.828125 22641.931641
 0.000000864000  5120 18116.472656 22641.931641
 0.000000896000  4352 16295.471680 22641.931641
 0.000000928000  3840 14395.004883 22641.931641
 0.000000960000  2816 12428.049805 22641.931641
 0.000000992000  2048 10445.375000 22641.931641
 0.000001024000  1792 8557.524414 22641.931641
 0.000001056000  1536 6835.386230 22641.931641
 0.000001088000  768 5243.150879 22641.931641
 0.000001120000  512 3820.009521 22641.931641
 0.000001152000  256 2581.341797 22641.931641
 0.000001184000  256 1561.538208 22641.931641
 0.000001216000  0 732.161865 22641.931641
 0.000001248000  0 0.000000 22641.931641
 0.000001280000  -256 -394.411621 22641.931641
 0.000001312000  -256 -747.914978 22641.931641
 0.000001344000  -256 -979.457275 22641.931641
 0.000001376000  -256 -1108.587280 22641.931641
 0.000001408000  -256 -1156.421509 22641.931641
 0.000001440000  -256 -1143.658203 22641.931641
 0.000001472000  -256 -1089.211426 22641.931641
 0.000001504000  0 -972.519958 22641.931641
 0.000001536000  -256 0.000000 22641.931641
 0.000001568000  0 0.000000 22641.931641
 0.000001600000  -256 0.000000 22641.931641
 0.000001632000  -256 0.000000 22641.931641
 0.000001664000  -256 0.000000 22641.931641
 0.000001696000  -256 0.000000 22641.931641
 0.000001728000  -256 0.000000 22641.931641
 0.000001760000  0 0.000000 22641.931641
 0.000001792000  -512 0.000000 22641.931641
 0.000001824000  -256 0.000000 22641.931641

 0.000000032000  -768 0.000000 9570.086914
 0.000000064000  -768 0.000000 9570.086914
 0.000000096000  -768 0.000000 9570.086914
 0.000000128000  -768 0.000000 9570.086914
 0.000000160000  -256 0.000000 9570.086914
 0.000000192000  0 0.000000 9570.086914
 0.000000224000  768 110.578178 9570.086914
 0.000000256000  1280 364.655090 9570.086914
 0.000000288000  2048 811.903809 9570.086914
 0.000000320000  2816 1473.339722 9570.086914
 0.000000352000  3328 2311.458496 9570.086914
 0.000000384000  3840 3287.173828 9570.086914
 0.000000416000  4096 4326.241211 9570.086914
 0.000000448000  4608 5408.763184 9570.086914
 0.000000480000  4608 6443.903320 9570.086914
 0.000000512000  4864 7408.070801 9570.086914
 0.000000544000  4864 8252.930664 9570.086914
 0.000000576000  4608 8916.230469 9570.086914
 0.000000608000  4352 9367.276367 9570.086914
 0.000000640000  3840 9562.910156 9570.086914
 0.000000672000  3328 9491.176758 9570.086914
 0.000000704000  3072 9199.778320 9570.086914
 0.000000736000  2560 8701.208008 9570.086914
 0.000000768000  2048 8019.161621 9570.086914
 0.000000800000  1792 7220.365723 9570.086914
 0.000000832000  1536 6360.137207 9570.086914
 0.000000864000  1024 5444.929688 9570.086914
 0.000000896000  512 4483.237793 9570.086914
 0.000000928000  512 3558.098877 9570.086914
 0.000000960000  0 2651.541016 9570.086914
 0.000000992000  0 0.000000 9570.086914
 0.000001024000  -256 1072.911865 9570.086914
 0.000001056000  -512 394.395233 9570.086914
 0.000001088000  -512 -184.738892 9570.086914
 0.000001120000  -512 -652.310974 9570.086914
 0.000001152000  -768 -1044.649170 9570.086914
 0.000001184000  -512 -1318.990845 9570.086914
 0.000001216000  -768 -1527.485962 9570.086914
 0.000001248000  -768 -1674.678833 9570.086914
 0.000001280000  -768 0.000000 9570.086914
 0.000001312000  -768 0.000000 9570.086914
 0.000001344000  -768 0.000000 9570.086914
 0.000001376000  -768 0.000000 9570.086914
 0.000001408000  -768 0.000000 9570.086914
 0.000001440000  -768 0.000000 9570.086914
 0.000001472000  -768 0.000000 9570.086914
 0.000001504000  -768 0.000000 9570.086914
 0.000001536000  -768 0.000000 9570.086914
 0.000001568000  -768 0.000000 9570.086914

 0.000000032000  -768 0.000000 11260.763672
 0.000000064000  -768 0.000000 11260.763672
 0.000000096000  -768 0.000000 11260.763672
 0.000000128000  -512 0.000000 11260.763672
 0.000000160000  -512 0.000000 11260.763672
 0.000000192000  -256 0.000000 11260.763672
 0.000000224000  512 73.718788 11260.763672
 0.000000256000  1024 267.676331 11260.763672
 0.000000288000  1792 642.781128 11260.763672
 0.000000320000  2560 1228.813232 11260.763672
 0.000000352000  3328 2031.524048 11260.763672
 0.000000384000  4096 3039.358154 11260.763672
 0.000000416000  4608 4192.565918 11260.763672
 0.000000448000  5120 5438.674316 11260.763672
 0.000000480000  5376 6697.246582 11260.763672
 0.000000512000  5632 7910.835449 11260.763672
 0.000000544000  5632 9005.430664 11260.763672
 0.000000576000  5632 9937.568359 11260.763672
 0.000000608000  5376 10651.527344 11260.763672
 0.000000640000  4864 11086.982422 11260.763672
 0.000000672000  4608 11258.429688 11260.763672
 0.000000704000  4096 11158.208008 11260.763672
 0.000000736000  3584 10800.490234 11260.763672
 0.000000768000  3072 10213.776367 11260.763672
 0.000000800000  2560 9434.588867 11260.763672
 0.000000832000  2048 8502.460938 11260.763672
 0.000000864000  1536 7456.195801 11260.763672
 0.000000896000  1280 6368.150879 11260.763672
 0.000000928000  1280 5329.062500 11260.763672
 0.000000960000  512 4288.619141 11260.763672
 0.000000992000  256 3285.266602 11260.763672
 0.000001024000  0 2343.362793 11260.763672
 0.000001056000  0 0.000000 11260.763672
 0.000001088000  -256 782.575378 11260.763672
 0.000001120000  -256 176.235657 11260.763672
 0.000001152000  -512 -336.449860 11260.763672
 0.000001184000  -512 -746.384216 11260.763672
 0.000001216000  -768 -1091.428589 11260.763672
 0.000001248000  -512 -1329.153442 11260.763672
 0.000001280000  -768 -1511.173950 11260.763672
 0.000001312000  -512 -1604.069092 11260.763672
 0.000001344000  -768 0.000000 11260.763672
 0.000001376000  -768 0.000000 11260.763672
 0.000001408000  -768 0.000000 11260.763672
 0.000001440000  -512 0.000000 11260.763672
 0.000001472000  -512 0.000000 11260.763672
 0.000001504000  -512 0.000000 11260.763672
 0.000001536000  -512 0.000000 11260.763672
 0.000001568000  -512 0.000000 11260.763672
 0.000001600000  -512 0.000000 11260.763672
 0.000001632000  -512 0.000000 11260.763672

 0.000000032000  -768 0.000000 4231.628906
 0.000000064000  -768 0.000000 4231.628906
 0.000000096000  -512 0.000000 4231.628906
 0.000000128000  -512 0.000000 4231.628906
 0.000000160000  -512 0.000000 4231.628906
 0.000000192000  0 0.000000 4231.628906
 0.000000224000  256 36.859394 4231.628906
 0.000000256000  512 133.838165 4231.628906
 0.000000288000  768 302.960876 4231.628906
 0.000000320000  1024 547.487549 4231.628906
 0.000000352000  1536 901.141052 4231.628906
 0.000000384000  1792 1342.914185 4231.628906
 0.000000416000  1792 1814.835205 4231.628906
 0.000000448000  2048 2310.836426 4231.628906
 0.000000480000  2048 2788.059326 4231.628906
 0.000000512000  2304 3254.583984 4231.628906
 0.000000544000  2048 3643.142822 4231.628906
 0.000000576000  2048 3948.915527 4231.628906
 0.000000608000  1792 4137.614258 4231.628906
 0.000000640000  1792 4230.420898 4231.628906
 0.000000672000  1280 4175.412109 4231.628906
 0.000000704000  1280 4020.443848 4231.628906
 0.000000736000  1024 3769.497070 4231.628906
 0.000000768000  768 3432.280762 4231.628906
 0.000000800000  512 3021.830322 4231.628906
 0.000000832000  512 2589.442627 4231.628906
 0.000000864000  256 2135.900635 4231.628906
 0.000000896000  0 1663.278320 4231.628906
 0.000000928000  0 0.000000 4231.628906
 0.000000960000  -256 769.425110 4231.628906
 0.000000992000  -512 329.683990 4231.628906
 0.000001024000  -512 -76.923401 4231.628906
 0.000001056000  -512 -430.964508 4231.628906
 0.000001088000  -512 -722.561768 4231.628906
 0.000001120000  -512 -949.266296 4231.628906
 0.000001152000  -512 -1114.028076 4231.628906
 0.000001184000  -768 -1260.239868 4231.628906
 0.000001216000  -512 0.000000 4231.628906
 0.000001248000  -512 0.000000 4231.628906
 0.000001280000  -512 0.000000 4231.628906
 0.000001312000  -512 0.000000 4231.628906
 0.000001344000  -512 0.000000 4231.628906
 0.000001376000  -768 0.000000 4231.628906
 0.000001408000  -512 0.000000 4231.628906
 0.000001440000  -512 0.000000 4231.628906
 0.000001472000  -512 0.000000 4231.628906
 0.000001504000  -768 0.000000 4231.628906

 0.000000032000  -768 0.000000 10914.995117
 0.000000064000  -768 0.000000 10914.995117
 0.000000096000  -768 0.000000 10914.995117
 0.000000128000  -512 0.000000 10914.995117
 0.000000160000  -512 0.000000 10914.995117
 0.000000192000  0 0.000000 10914.995117
 0.000000224000  512 73.718788 10914.995117
 0.000000256000  1280 304.535706 10914.995117
 0.000000288000  1792 702.900452 10914.995117
 0.000000320000  2560 1300.957031 10914.995117
 0.000000352000  3328 2106.927979 10914.995117
 0.000000384000  4096 3111.625977 10914.995117
 0.000000416000  4608 4257.425781 10914.995117
 0.000000448000  5120 5493.656738 10914.995117
 0.000000480000  5632 6778.186035 10914.995117
 0.000000512000  5376 7967.336914 10914.995117
 0.000000544000  5376 9003.825195 10914.995117
 0.000000576000  5120 9821.509766 10914.995117
 0.000000608000  5120 10426.499023 10914.995117
 0.000000640000  4864 10801.542969 10914.995117
 0.000000672000  4352 10914.208008 10914.995117
 0.000000704000  3840 10760.583008 10914.995117
 0.000000736000  3584 10393.945312 10914.995117
 0.000000768000  3072 9830.227539 10914.995117
 0.000000800000  2560 9094.819336 10914.995117
 0.000000832000  2048 8217.930664 10914.995117
 0.000000864000  1792 7267.843750 10914.995117
 0.000000896000  1280 6260.974609 10914.995117
 0.000000928000  1024 5249.811523 10914.995117
 0.000000960000  512 4234.705566 10914.995117
 0.000000992000  256 3253.046875 10914.995117
 0.000001024000  0 2328.714355 10914.995117
 0.000001056000  -256 0.000000 10914.995117
 0.000001088000  -512 693.871460 10914.995117
 0.000001120000  -256 58.341255 10914.995117
 0.000001152000  -256 -429.519501 10914.995117
 0.000001184000  -512 -815.300964 10914.995117
 0.000001216000  -512 -1101.544067 10914.995117
 0.000001248000  -512 -1297.201050 10914.995117
 0.000001280000  -512 -1415.087158 10914.995117
 0.000001312000  -512 -1469.810791 10914.995117
 0.000001344000  -768 0.000000 10914.995117
 0.000001376000  -512 0.000000 10914.995117
 0.000001408000  -768 0.000000 10914.995117
 0.000001440000  -512 0.000000 10914.995117
 0.000001472000  -512 0.000000 10914.995117
 0.000001504000  -768 0.000000 10914.995117
 0.000001536000  -512 0.000000 10914.995117
 0.000001568000  -512 0.000000 10914.995117
 0.000001600000  -512 0.000000 10914.995117
 0.000001632000  -512 0.000000 10914.995117

 0.000000032000  -768 0.000000 22212.914062
 0.000000064000  -512 0.000000 22212.914062
 0.000000096000  -768 0.000000 22212.914062
 0.000000128000  -768 0.000000 22212.914062
 0.000000160000  -768 0.000000 22212.914062
 0.000000192000  -512 0.000000 22212.914062
 0.000000224000  256 36.859394 22212.914062
 0.000000256000  1024 207.556946 22212.914062
 0.000000288000  2304 644.355957 22212.914062
 0.000000320000  3840 1457.944824 22212.914062
 0.000000352000  5120 2662.156982 22212.914062
 0.000000384000  6656 4275.455566 22212.914062
 0.000000416000  7680 6207.651855 22212.914062
 0.000000448000  9216 8446.100586 22212.914062
 0.000000480000  9984 10849.287109 22212.914062
 0.000000512000  10752 13305.859375 22212.914062
 0.000000544000  11008 15659.972656 22212.914062
 0.000000576000  11008 17772.578125 22212.914062
 0.000000608000  11008 19563.306641 22212.914062
 0.000000640000  10496 20925.107422 22212.914062
 0.000000672000  9984 21813.601562 22212.914062
 0.000000704000  9216 22194.800781 22212.914062
 0.000000736000  8448 22081.332031 22212.914062
 0.000000768000  7680 21517.685547 22212.914062
 0.000000800000  6400 20493.826172 22212.914062
 0.000000832000  5632 19109.552734 22212.914062
 0.000000864000  4864 17460.970703 22212.914062
 0.000000896000  4352 15671.534180 22212.914062
 0.000000928000  3328 13764.456055 22212.914062
 0.000000960000  2816 11838.246094 22212.914062
 0.000000992000  2048 9926.675781 22212.914062
 0.000001024000  1536 8089.295898 22212.914062
 0.000001056000  1024 6362.630371 22212.914062
 0.000001088000  512 4764.386719 22212.914062
 0.000001120000  512 3371.487549 22212.914062
 0.000001152000  256 2186.370361 22212.914062
 0.000001184000  0 1195.789917 22212.914062
 0.000001216000  -256 0.000000 22212.914062
 0.000001248000  -256 -263.570099 22212.914062
 0.000001280000  -512 -768.257751 22212.914062
 0.000001312000  -256 -1104.623657 22212.914062
 0.000001344000  -512 -1335.297119 22212.914062
 0.000001376000  -512 -1475.058472 22212.914062
 0.000001408000  -512 -1540.843628 22212.914062
 0.000001440000  -512 -1549.885010 22212.914062
 0.000001472000  -256 -1481.523071 22212.914062
 0.000001504000  -512 0.000000 22212.914062
 0.000001536000  -256 0.000000 22212.914062
 0.000001568000  -512 0.000000 22212.914062
 0.000001600000  -256 0.000000 22212.914062
 0.000001632000  -512 0.000000 22212.914062
 0.000001664000  -512 0.000000 22212.914062
 0.000001696000  -512 0.000000 22212.914062
 0.000001728000  -512 0.000000 22212.914062
 0.000001760000  -512 0.000000 22212.914062
 0.000001792000  -256 0.000000 22212.914062

 0.000000032000  -768 0.000000 27749.558594
 0.000000064000  -768 0.000000 27749.558594
 0.000000096000  -768 0.000000 27749.558594
 0.000000128000  -768 0.000000 27749.558594
 0.000000160000  -512 0.000000 27749.558594
 0.000000192000  0 0.000000 27749.558594
 0.000000224000  1024 147.437576 27749.558594
 0.000000256000  2304 572.212036 27749.558594
 0.000000288000  3840 1382.541016 27749.558594
 0.000000320000  5632 2663.608643 27749.558594
 0.000000352000  7424 4441.413574 27749.558594
 0.000000384000  8960 6661.613281 27749.558594
 0.000000416000  10752 9291.013672 27749.558594
 0.000000448000  12032 12203.102539 27749.558594
 0.000000480000  13056 15251.723633 27749.558594
 0.000000512000  13568 18250.580078 27749.558594
 0.000000544000  13824 21035.419922 27749.558594
 0.000000576000  13824 23469.308594 27749.558594
 0.000000608000  13312 25407.531250 27749.558594
 0.000000640000  12800 26784.029297 27749.558594
 0.000000672000  12032 27555.941406 27749.558594
 0.000000704000  11264 27736.658203 27749.558594
 0.000000736000  9984 27304.435547 27749.558594
 0.000000768000  8960 26324.972656 27749.558594
 0.000000800000  7680 24846.996094 27749.558594
 0.000000832000  6656 22977.507812 27749.558594
 0.000000864000  5632 20819.919922 27749.558594
 0.000000896000  4608 18467.677734 27749.558594
 0.000000928000  3584 16000.488281 27749.558594
 0.000000960000  3072 13556.383789 27749.558594
 0.000000992000  2304 11193.883789 27749.558594
 0.000001024000  1792 8985.114258 27749.558594
 0.000001056000  1280 6969.717285 27749.558594
 0.000001088000  1024 5198.499023 27749.558594
 0.000001120000  256 3615.880859 27749.558594
 0.000001152000  256 2279.789551 27749.558594
 0.000001184000  0 1176.343384 27749.558594
 0.000001216000  -256 0.000000 27749.558594
 0.000001248000  -512 -445.614258 27749.558594
 0.000001280000  -256 -959.848206 27749.558594
 0.000001312000  -256 -1289.132690 27749.558594
 0.000001344000  -256 -1464.685303 27749.558594
 0.000001376000  -256 -1519.520508 27749.558594
 0.000001408000  -256 -1485.539429 27749.558594
 0.000001440000  -256 -1391.563599 27749.558594
 0.000001472000  -256 -1262.174438 27749.558594
 0.000001504000  -256 0.000000 27749.558594
 0.000001536000  -256 0.000000 27749.558594
 0.000001568000  -256 0.000000 27749.558594
 0.000001600000  -256 0.000000 27749.558594
 0.000001632000  -256 0.000000 27749.558594
 0.000001664000  -256 0.000000 27749.558594
 0.000001696000  -256 0.000000 27749.558594
 0.000001728000  -256 0.000000 27749.558594
 0.000001760000  0 0.000000 27749.558594
 0.000001792000  -256 0.000000 27749.558594

 0.000000032000  -768 0.000000 10596.585938
 0.000000064000  -768 0.000000 10596.585938
 0.000000096000  -512 0.000000 10596.585938
 0.000000128000  -512 0.000000 10596.585938
 0.000000160000  -512 0.000000 10596.585938
 0.000000192000  0 0.000000 10596.585938
 0.000000224000  512 73.718788 10596.585938
 0.000000256000  1280 304.535706 10596.585938
 0.000000288000  2048 739.759827 10596.585938
 0.000000320000  2560 1361.076538 10596.585938
 0.000000352000  3328 2179.072021 10596.585938
 0.000000384000  4096 3187.030029 10596.585938
 0.000000416000  4352 4292.833984 10596.585938
 0.000000448000  4864 5461.538574 10596.585938
 0.000000480000  5120 6627.187988 10596.585938
 0.000000512000  5376 7743.632812 10596.585938
 0.000000544000  5376 8745.110352 10596.585938
 0.000000576000  5120 9556.805664 10596.585938
 0.000000608000  4864 10139.782227 10596.585938
 0.000000640000  4608 10483.131836 10596.585938
 0.000000672000  4352 10596.437500 10596.585938
 0.000000704000  3840 10466.137695 10596.585938
 0.000000736000  3584 10137.095703 10596.585938
 0.000000768000  2816 9581.441406 10596.585938
 0.000000800000  2304 8832.752930 10596.585938
 0.000000832000  1792 7928.534180 10596.585938
 0.000000864000  1536 6943.208496 10596.585938
 0.000000896000  1280 5934.936035 10596.585938
 0.000000928000  768 4909.398926 10596.585938
 0.000000960000  768 3945.553955 10596.585938
 0.000000992000  256 3020.750000 10596.585938
 0.000001024000  256 2189.970947 10596.585938
 0.000001056000  0 1448.244141 10596.585938
 0.000001088000  0 0.000000 10596.585938
 0.000001120000  -512 249.683289 10596.585938
 0.000001152000  -256 -207.877991 10596.585938
 0.000001184000  -512 -588.314026 10596.585938
 0.000001216000  -512 -887.140137 10596.585938
 0.000001248000  -512 -1107.078735 10596.585938
 0.000001280000  -512 -1255.722778 10596.585938
 0.000001312000  -768 -1380.402466 10596.585938
 0.000001344000  -512 -1442.399170 10596.585938
 0.000001376000  -768 0.000000 10596.585938
 0.000001408000  -512 0.000000 10596.585938
 0.000001440000  -768 0.000000 10596.585938
 0.000001472000  -512 0.000000 10596.585938
 0.000001504000  -512 0.000000 10596.585938
 0.000001536000  -512 0.000000 10596.585938
 0.000001568000  -512 0.000000 10596.585938
 0.000001600000  -512 0.000000 10596.585938
 0.000001632000  -512 0.000000 10596.585938
 0.000001664000  -512 0.000000 10596.585938

 0.000000032000  -768 0.000000 3861.448486
 0.000000064000  -512 0.000000 3861.448486
 0.000000096000  -512 0.000000 3861.448486
 0.000000128000  -512 0.000000 3861.448486
 0.000000160000  -256 0.000000 3861.448486
 0.000000192000  0 0.000000 3861.448486
 0.000000224000  256 36.859394 3861.448486
 0.000000256000  512 133.838165 3861.448486
 0.000000288000  1024 339.820282 3861.448486
 0.000000320000  1280 644.466309 3861.448486
 0.000000352000  1536 1033.404297 3861.448486
 0.000000384000  1792 1490.462036 3861.448486
 0.000000416000  2048 1999.365845 3861.448486
 0.000000448000  1792 2471.223633 3861.448486
 0.000000480000  2048 2919.926270 3861.448486
 0.000000512000  2048 3320.047607 3861.448486
 0.000000544000  1792 3620.349854 3861.448486
 0.000000576000  1536 3791.997559 3861.448486
 0.000000608000  1536 3860.838867 3861.448486
 0.000000640000  1280 3815.588379 3861.448486
 0.000000672000  1280 3693.384521 3861.448486
 0.000000704000  1024 3489.017822 3861.448486
 0.000000736000  1024 3241.600342 3861.448486
 0.000000768000  768 2944.868652 3861.448486
 0.000000800000  256 2561.110596 3861.448486
 0.000000832000  256 2143.796875 3861.448486
 0.000000864000  256 1732.935181 3861.448486
 0.000000896000  0 1319.328491 3861.448486
 0.000000928000  -256 0.000000 3861.448486
 0.000000960000  -256 498.176392 3861.448486
 0.000000992000  -512 108.410576 3861.448486
 0.000001024000  -512 -247.132645 3861.448486
 0.000001056000  -512 -553.020203 3861.448486
 0.000001088000  -768 -838.836182 3861.448486
 0.000001120000  -768 -1089.964966 3861.448486
 0.000001152000  -512 -1261.769043 3861.448486
 0.000001184000  -768 -1402.295898 3861.448486
 0.000001216000  -768 0.000000 3861.448486
 0.000001248000  -768 0.000000 3861.448486
 0.000001280000  -768 0.000000 3861.448486
 0.000001312000  -768 0.000000 3861.448486
 0.000001344000  -768 0.000000 3861.448486
 0.000001376000  -768 0.000000 3861.448486
 0.000001408000  -768 0.000000 3861.448486
 0.000001440000  -512 0.000000 3861.448486
 0.000001472000  -512 0.000000 3861.448486
 0.000001504000  -512 0.000000 3861.448486

