 0.000000032000  -256 0.000000 27193.644531
 0.000000064000  -512 0.000000 27193.644531
 0.000000096000  -256 0.000000 27193.644531
 0.000000128000  -512 0.000000 27193.644531
 0.000000160000  -256 0.000000 27193.644531
 0.000000192000  0 0.000000 27193.644531
 0.000000224000  768 110.578178 27193.644531
 0.000000256000  2048 475.233276 27193.644531
 0.000000288000  3072 1139.699463 27193.644531
 0.000000320000  4864 2225.124268 27193.644531
 0.000000352000  6400 3749.514160 27193.644531
 0.000000384000  8192 5730.786133 27193.644531
 0.000000416000  9728 8111.786133 27193.644531
 0.000000448000  11264 10823.555664 27193.644531
 0.000000480000  12288 13720.083008 27193.644531
 0.000000512000  13056 16648.556641 27193.644531
 0.000000544000  13312 19425.525391 27193.644531
 0.000000576000  13568 21932.921875 27193.644531
 0.000000608000  13312 24033.431641 27193.644531
 0.000000640000  13056 25659.806641 27193.644531
 0.000000672000  12288 26725.183594 27193.644531
 0.000000704000  11264 27172.023438 27193.644531
 0.000000736000  10496 27041.259766 27193.644531
 0.000000768000  9216 26329.541016 27193.644531
 0.000000800000  8192 25113.187500 27193.644531
 0.000000832000  7168 23482.181641 27193.644531
 0.000000864000  6144 21529.644531 27193.644531
 0.000000896000  5376 19381.042969 27193.644531
 0.000000928000  4608 17138.705078 27193.644531
 0.000000960000  3584 14844.457031 27193.644531
 0.000000992000  2816 12568.300781 27193.644531
 0.000001024000  2304 10395.007812 27193.644531
 0.000001056000  1792 8376.770508 27193.644531
 0.000001088000  1280 6539.119141 27193.644531
 0.000001120000  768 4887.002930 27193.644531
 0.000001152000  768 3484.261475 27193.644531
 0.000001184000  512 2320.965332 27193.644531
 0.000001216000  512 1409.755005 27193.644531
 0.000001248000  256 704.510010 27193.644531
 0.000001280000  0 157.978210 27193.644531
 0.000001312000  256 0.000000 27193.644531
 0.000001344000  0 -438.525665 27193.644531
 0.000001376000  0 -574.108521 27193.644531
 0.000001408000  0 -628.097717 27193.644531
 0.000001440000  0 -620.836731 27193.644531
 0.000001472000  0 -571.037354 27193.644531
 0.000001504000  0 -494.916992 27193.644531
 0.000001536000  0 -405.771973 27193.644531
 0.000001568000  256 -277.028412 27193.644531
 0.000001600000  256 0.000000 27193.644531
 0.000001632000  256 0.000000 27193.644531
 0.000001664000  256 0.000000 27193.644531
 0.000001696000  256 0.000000 27193.644531
 0.000001728000  256 0.000000 27193.644531
 0.000001760000  256 0.000000 27193.644531
 0.000001792000  0 0.000000 27193.644531
 0.000001824000  256 0.000000 27193.644531
 0.000001856000  0 0.000000 27193.644531
 0.000001888000  0 0.000000 27193.644531

 0.000000032000  -512 0.000000 20020.873047
 0.000000064000  -512 0.000000 20020.873047
 0.000000096000  -512 0.000000 20020.873047
 0.000000128000  -512 0.000000 20020.873047
 0.000000160000  -256 0.000000 20020.873047
 0.000000192000  0 0.000000 20020.873047
 0.000000224000  768 110.578178 20020.873047
 0.000000256000  1536 401.514496 20020.873047
 0.000000288000  2816 982.601379 20020.873047
 0.000000320000  4096 1910.138916 20020.873047
 0.000000352000  5376 3198.766602 20020.873047
 0.000000384000  6400 4795.921875 20020.873047
 0.000000416000  7680 6679.299805 20020.873047
 0.000000448000  8448 8738.895508 20020.873047
 0.000000480000  9472 10921.542969 20020.873047
 0.000000512000  9728 13070.429688 20020.873047
 0.000000544000  9984 15077.741211 20020.873047
 0.000000576000  10240 16877.869141 20020.873047
 0.000000608000  9472 18292.167969 20020.873047
 0.000000640000  9216 19296.539062 20020.873047
 0.000000672000  8704 19866.691406 20020.873047
 0.000000704000  8192 20016.804688 20020.873047
 0.000000736000  7424 19750.232422 20020.873047
 0.000000768000  6144 19025.611328 20020.873047
 0.000000800000  5376 17920.550781 20020.873047
 0.000000832000  4864 16553.861328 20020.873047
 0.000000864000  4096 14991.048828 20020.873047
 0.000000896000  3328 13292.284180 20020.873047
 0.000000928000  2560 11509.658203 20020.873047
 0.000000960000  2048 9722.688477 20020.873047
 0.000000992000  1536 7987.592285 20020.873047
 0.000001024000  1280 6377.017578 20020.873047
 0.000001056000  768 4896.213867 20020.873047
 0.000001088000  512 3576.389160 20020.873047
 0.000001120000  256 2427.895020 20020.873047
 0.000001152000  0 1445.674316 20020.873047
 0.000001184000  -256 0.000000 20020.873047
 0.000001216000  0 -14.571288 20020.873047
 0.000001248000  -256 -492.432495 20020.873047
 0.000001280000  0 -792.935974 20020.873047
 0.000001312000  -256 -983.976196 20020.873047
 0.000001344000  -256 -1084.306519 20020.873047
 0.000001376000  0 -1076.782227 20020.873047
 0.000001408000  0 -993.973755 20020.873047
 0.000001440000  -256 -901.058655 20020.873047
 0.000001472000  0 0.000000 20020.873047
 0.000001504000  -256 0.000000 20020.873047
 0.000001536000  0 0.000000 20020.873047
 0.000001568000  0 0.000000 20020.873047
 0.000001600000  -256 0.000000 20020.873047
 0.000001632000  -256 0.000000 20020.873047
 0.000001664000  0 0.000000 20020.873047
 0.000001696000  -256 0.000000 20020.873047
 0.000001728000  0 0.000000 20020.873047
 0.000001760000  -256 0.000000 20020.873047

 0.000000032000  512 2868.552979 758.232300
 0.000000064000  512 1751.731445 758.232300
 0.000000096000  256 877.314819 758.232300
 0.000000128000  0 199.408752 758.232300
 0.000000160000  0 0.000000 758.232300
 0.000000192000  0 0.000000 758.232300
 0.000000224000  256 36.859394 758.232300
 0.000000256000  256 96.978767 758.232300
 0.000000288000  256 169.122711 758.232300
 0.000000320000  256 244.526657 758.232300
 0.000000352000  256 316.794128 758.232300
 0.000000384000  256 381.653931 758.232300
 0.000000416000  512 473.495911 758.232300
 0.000000448000  256 540.836182 758.232300
 0.000000480000  256 586.102905 758.232300
 0.000000512000  512 649.451721 758.232300
 0.000000544000  256 684.093018 758.232300
 0.000000576000  256 696.057983 758.232300
 0.000000608000  256 691.219299 758.232300
 0.000000640000  512 711.774719 758.232300
 0.000000672000  512 748.703308 758.232300
 0.000000704000  256 757.624939 758.232300
 0.000000736000  256 746.214355 758.232300
 0.000000768000  512 758.190369 758.232300
 0.000000800000  256 748.886414 758.232300
 0.000000832000  0 688.432251 758.232300
 0.000000864000  256 0.000000 758.232300
 0.000000896000  256 585.691956 758.232300
 0.000000928000  256 546.966309 758.232300
 0.000000960000  0 480.364075 758.232300
 0.000000992000  0 398.958374 758.232300
 0.000001024000  0 313.005737 758.232300
 0.000001056000  -256 193.184845 758.232300
 0.000001088000  -256 58.179363 758.232300
 0.000001120000  -256 -77.782288 758.232300
 0.000001152000  -768 0.000000 758.232300
 0.000001184000  -512 0.000000 758.232300
 0.000001216000  -768 0.000000 758.232300
 0.000001248000  -768 0.000000 758.232300
 0.000001280000  -768 0.000000 758.232300
 0.000001312000  -768 0.000000 758.232300
 0.000001344000  -768 0.000000 758.232300
 0.000001376000  -1024 0.000000 758.232300
 0.000001408000  -768 0.000000 758.232300
 0.000001440000  -768 0.000000 758.232300

 0.000000032000  -512 0.000000 29788.785156
 0.000000064000  -512 0.000000 29788.785156
 0.000000096000  -512 0.000000 29788.785156
 0.000000128000  -512 0.000000 29788.785156
 0.000000160000  -512 0.000000 29788.785156
 0.000000192000  -256 0.000000 29788.785156
 0.000000224000  512 73.718788 29788.785156
 0.000000256000  1536 341.395111 29788.785156
 0.000000288000  2560 873.598022 29788.785156
 0.000000320000  4352 1811.474976 29788.785156
 0.000000352000  6144 3225.052979 29788.785156
 0.000000384000  7936 5129.317383 29788.785156
 0.000000416000  9728 7499.478027 29788.785156
 0.000000448000  11520 10284.567383 29788.785156
 0.000000480000  12800 13345.162109 29788.785156
 0.000000512000  13824 16526.550781 29788.785156
 0.000000544000  14336 19637.546875 29788.785156
 0.000000576000  14592 22511.951172 29788.785156
 0.000000608000  14848 25049.953125 29788.785156
 0.000000640000  14336 27095.019531 29788.785156
 0.000000672000  14080 28609.449219 29788.785156
 0.000000704000  13312 29531.212891 29788.785156
 0.000000736000  12032 29785.658203 29788.785156
 0.000000768000  11008 29405.197266 29788.785156
 0.000000800000  9728 28421.466797 29788.785156
 0.000000832000  8704 26936.998047 29788.785156
 0.000000864000  7424 25023.064453 29788.785156
 0.000000896000  6400 22797.546875 29788.785156
 0.000000928000  5376 20365.753906 29788.785156
 0.000000960000  4352 17816.572266 29788.785156
 0.000000992000  3584 15257.801758 29788.785156
 0.000001024000  2816 12765.918945 29788.785156
 0.000001056000  2304 10426.735352 29788.785156
 0.000001088000  1536 8252.727539 29788.785156
 0.000001120000  1280 6314.494141 29788.785156
 0.000001152000  768 4607.836426 29788.785156
 0.000001184000  512 3149.989014 29788.785156
 0.000001216000  512 1972.015991 29788.785156
 0.000001248000  256 1038.749268 29788.785156
 0.000001280000  0 307.847595 29788.785156
 0.000001312000  256 0.000000 29788.785156
 0.000001344000  0 -528.457703 29788.785156
 0.000001376000  0 -727.443481 29788.785156
 0.000001408000  0 -814.968445 29788.785156
 0.000001440000  0 -817.831360 29788.785156
 0.000001472000  0 -760.967651 29788.785156
 0.000001504000  256 -629.348145 29788.785156
 0.000001536000  256 -454.647949 29788.785156
 0.000001568000  256 -262.237244 29788.785156
 0.000001600000  256 0.000000 29788.785156
 0.000001632000  0 0.000000 29788.785156
 0.000001664000  256 0.000000 29788.785156
 0.000001696000  512 0.000000 29788.785156
 0.000001728000  256 0.000000 29788.785156
 0.000001760000  0 0.000000 29788.785156
 0.000001792000  256 0.000000 29788.785156
 0.000001824000  256 0.000000 29788.785156
 0.000001856000  256 0.000000 29788.785156
 0.000001888000  256 0.000000 29788.785156

 0.000000032000  -512 0.000000 31240.833984
 0.000000064000  -512 0.000000 31240.833984
 0.000000096000  -512 0.000000 31240.833984
 0.000000128000  -512 0.000000 31240.833984
 0.000000160000  -256 0.000000 31240.833984
 0.000000192000  -256 0.000000 31240.833984
 0.000000224000  512 73.718788 31240.833984
 0.000000256000  1280 304.535706 31240.833984
 0.000000288000  3072 887.197388 31240.833984
 0.000000320000  4864 1933.288574 31240.833984
 0.000000352000  6656 3487.894287 31240.833984
 0.000000384000  8704 5582.961914 31240.833984
 0.000000416000  10752 8202.043945 31240.833984
 0.000000448000  12288 11222.133789 31240.833984
 0.000000480000  13824 14527.882812 31240.833984
 0.000000512000  14336 17870.195312 31240.833984
 0.000000544000  15360 21145.035156 31240.833984
 0.000000576000  15616 24173.539062 31240.833984
 0.000000608000  15360 26773.974609 31240.833984
 0.000000640000  15104 28849.396484 31240.833984
 0.000000672000  14336 30295.722656 31240.833984
 0.000000704000  13568 31085.070312 31240.833984
 0.000000736000  12544 31208.277344 31240.833984
 0.000000768000  11264 30669.998047 31240.833984
 0.000000800000  10240 29557.976562 31240.833984
 0.000000832000  8704 27901.498047 31240.833984
 0.000000864000  7680 25834.056641 31240.833984
 0.000000896000  6400 23442.236328 31240.833984
 0.000000928000  5376 20847.117188 31240.833984
 0.000000960000  4608 18185.316406 31240.833984
 0.000000992000  3584 15520.823242 31240.833984
 0.000001024000  2816 12935.679688 31240.833984
 0.000001056000  2304 10518.709961 31240.833984
 0.000001088000  1792 8320.252930 31240.833984
 0.000001120000  1536 6396.829590 31240.833984
 0.000001152000  1024 4731.515137 31240.833984
 0.000001184000  768 3330.688965 31240.833984
 0.000001216000  256 2142.935791 31240.833984
 0.000001248000  256 1190.488647 31240.833984
 0.000001280000  256 472.037811 31240.833984
 0.000001312000  0 -67.042252 31240.833984
 0.000001344000  256 0.000000 31240.833984
 0.000001376000  0 -612.379761 31240.833984
 0.000001408000  256 -677.687378 31240.833984
 0.000001440000  0 -674.813721 31240.833984
 0.000001472000  0 -624.212891 31240.833984
 0.000001504000  256 -506.841522 31240.833984
 0.000001536000  256 -350.977631 31240.833984
 0.000001568000  256 -179.272919 31240.833984
 0.000001600000  256 -8.792709 31240.833984
 0.000001632000  512 0.000000 31240.833984
 0.000001664000  256 0.000000 31240.833984
 0.000001696000  256 0.000000 31240.833984
 0.000001728000  256 0.000000 31240.833984
 0.000001760000  256 0.000000 31240.833984
 0.000001792000  256 0.000000 31240.833984
 0.000001824000  512 0.000000 31240.833984
 0.000001856000  256 0.000000 31240.833984
 0.000001888000  256 0.000000 31240.833984
 0.000001920000  256 0.000000 31240.833984

 0.000000032000  -512 0.000000 20985.072266
 0.000000064000  -512 0.000000 20985.072266
 0.000000096000  -512 0.000000 20985.072266
 0.000000128000  -512 0.000000 20985.072266
 0.000000160000  -256 0.000000 20985.072266
 0.000000192000  0 0.000000 20985.072266
 0.000000224000  512 73.718788 20985.072266
 0.000000256000  1280 304.535706 20985.072266
 0.000000288000  2048 739.759827 20985.072266
 0.000000320000  3328 1471.654663 20985.072266
 0.000000352000  4608 2543.727295 20985.072266
 0.000000384000  6144 3998.933838 20985.072266
 0.000000416000  7168 5766.173828 20985.072266
 0.000000448000  8192 7772.996582 20985.072266
 0.000000480000  9216 9951.219727 20985.072266
 0.000000512000  9984 12203.709961 20985.072266
 0.000000544000  10496 14419.972656 20985.072266
 0.000000576000  10240 16414.355469 20985.072266
 0.000000608000  10496 18146.031250 20985.072266
 0.000000640000  9984 19494.630859 20985.072266
 0.000000672000  9728 20439.964844 20985.072266
 0.000000704000  8960 20923.156250 20985.072266
 0.000000736000  8192 20936.078125 20985.072266
 0.000000768000  7424 20506.875000 20985.072266
 0.000000800000  6656 19687.164062 20985.072266
 0.000000832000  5632 18504.484375 20985.072266
 0.000000864000  4864 17041.187500 20985.072266
 0.000000896000  4096 15375.373047 20985.072266
 0.000000928000  3584 13613.385742 20985.072266
 0.000000960000  2816 11800.056641 20985.072266
 0.000000992000  2304 10007.456055 20985.072266
 0.000001024000  1792 8284.759766 20985.072266
 0.000001056000  1280 6661.509766 20985.072266
 0.000001088000  1024 5188.173340 20985.072266
 0.000001120000  768 3889.439941 20985.072266
 0.000001152000  512 2770.096436 20985.072266
 0.000001184000  256 1820.593628 20985.072266
 0.000001216000  0 1021.991577 20985.072266
 0.000001248000  0 0.000000 20985.072266
 0.000001280000  -256 -124.190735 20985.072266
 0.000001312000  0 -474.615417 20985.072266
 0.000001344000  -256 -723.668396 20985.072266
 0.000001376000  -256 -883.523621 20985.072266
 0.000001408000  0 -932.302002 20985.072266
 0.000001440000  0 -899.477661 20985.072266
 0.000001472000  -256 -848.506042 20985.072266
 0.000001504000  0 -751.586243 20985.072266
 0.000001536000  0 0.000000 20985.072266
 0.000001568000  0 0.000000 20985.072266
 0.000001600000  256 0.000000 20985.072266
 0.000001632000  0 0.000000 20985.072266
 0.000001664000  256 0.000000 20985.072266
 0.000001696000  256 0.000000 20985.072266
 0.000001728000  0 0.000000 20985.072266
 0.000001760000  256 0.000000 20985.072266
 0.000001792000  0 0.000000 20985.072266
 0.000001824000  0 0.000000 20985.072266

 0.000000032000  -512 0.000000 33865.414062
 0.000000064000  -512 0.000000 33865.414062
 0.000000096000  -512 0.000000 33865.414062
 0.000000128000  -768 0.000000 33865.414062
 0.000000160000  -512 0.000000 33865.414062
 0.000000192000  0 0.000000 33865.414062
 0.000000224000  768 110.578178 33865.414062
 0.000000256000  2048 475.233276 33865.414062
 0.000000288000  3584 1213.418335 33865.414062
 0.000000320000  5632 2455.941162 33865.414062
 0.000000352000  7680 4258.457031 33865.414062
 0.000000384000  9728 6619.778320 33865.414062
 0.000000416000  11776 9498.842773 33865.414062
 0.000000448000  13568 12792.647461 33865.414062
 0.000000480000  14848 16325.203125 33865.414062
 0.000000512000  15872 19918.736328 33865.414062
 0.000000544000  16640 23407.013672 33865.414062
 0.000000576000  16896 26607.025391 33865.414062
 0.000000608000  16640 29337.146484 33865.414062
 0.000000640000  16128 31466.654297 33865.414062
 0.000000672000  15360 32910.023438 33865.414062
 0.000000704000  14336 33619.664062 33865.414062
 0.000000736000  13312 33614.941406 33865.414062
 0.000000768000  12032 32924.039062 33865.414062
 0.000000800000  10752 31616.167969 33865.414062
 0.000000832000  9216 29747.544922 33865.414062
 0.000000864000  7936 27434.919922 33865.414062
 0.000000896000  6912 24829.191406 33865.414062
 0.000000928000  5632 22020.697266 33865.414062
 0.000000960000  4608 19124.400391 33865.414062
 0.000000992000  3584 16227.442383 33865.414062
 0.000001024000  2816 13427.998047 33865.414062
 0.000001056000  2304 10824.925781 33865.414062
 0.000001088000  1792 8473.586914 33865.414062
 0.000001120000  1280 6394.783691 33865.414062
 0.000001152000  768 4583.518555 33865.414062
 0.000001184000  512 3053.878906 33865.414062
 0.000001216000  512 1832.352661 33865.414062
 0.000001248000  256 878.520691 33865.414062
 0.000001280000  0 144.695862 33865.414062
 0.000001312000  0 0.000000 33865.414062
 0.000001344000  0 -724.177856 33865.414062
 0.000001376000  0 -912.869507 33865.414062
 0.000001408000  0 -979.808350 33865.414062
 0.000001440000  0 -956.331482 33865.414062
 0.000001472000  0 -870.979126 33865.414062
 0.000001504000  256 -711.411194 33865.414062
 0.000001536000  256 -511.154449 33865.414062
 0.000001568000  256 -296.708588 33865.414062
 0.000001600000  256 0.000000 33865.414062
 0.000001632000  0 0.000000 33865.414062
 0.000001664000  0 0.000000 33865.414062
 0.000001696000  0 0.000000 33865.414062
 0.000001728000  0 0.000000 33865.414062
 0.000001760000  0 0.000000 33865.414062
 0.000001792000  0 0.000000 33865.414062
 0.000001824000  256 0.000000 33865.414062
 0.000001856000  0 0.000000 33865.414062
 0.000001888000  0 0.000000 33865.414062

 0.000000032000  -512 0.000000 30394.433594
 0.000000064000  -512 0.000000 30394.433594
 0.000000096000  -512 0.000000 30394.433594
 0.000000128000  -512 0.000000 30394.433594
 0.000000160000  -512 0.000000 30394.433594
 0.000000192000  -256 0.000000 30394.433594
 0.000000224000  256 36.859394 30394.433594
 0.000000256000  1280 244.416336 30394.433594
 0.000000288000  2560 741.334717 30394.433594
 0.000000320000  4352 1663.927124 30394.433594
 0.000000352000  6144 3077.381348 30394.433594
 0.000000384000  7936 4992.189453 30394.433594
 0.000000416000  9984 7416.493652 30394.433594
 0.000000448000  11520 10245.622070 30394.433594
 0.000000480000  13056 13376.841797 30394.433594
 0.000000512000  14080 16642.458984 30394.433594
 0.000000544000  14848 19878.046875 30394.433594
 0.000000576000  15104 22896.449219 30394.433594
 0.000000608000  15104 25544.863281 30394.433594
 0.000000640000  14848 27705.642578 30394.433594
 0.000000672000  14080 29257.457031 30394.433594
 0.000000704000  13312 30158.855469 30394.433594
 0.000000736000  12288 30390.656250 30394.433594
 0.000000768000  11520 30024.441406 30394.433594
 0.000000800000  9984 29043.005859 30394.433594
 0.000000832000  8704 27515.406250 30394.433594
 0.000000864000  7680 25566.369141 30394.433594
 0.000000896000  6400 23277.062500 30394.433594
 0.000000928000  5376 20765.902344 30394.433594
 0.000000960000  4608 18168.974609 30394.433594
 0.000000992000  3840 15588.126953 30394.433594
 0.000001024000  3072 13093.802734 30394.433594
 0.000001056000  2304 10729.298828 30394.433594
 0.000001088000  2048 8589.426758 30394.433594
 0.000001120000  1280 6650.952637 30394.433594
 0.000001152000  1024 4956.762207 30394.433594
 0.000001184000  768 3519.418945 30394.433594
 0.000001216000  512 2329.265381 30394.433594
 0.000001248000  256 1361.716553 30394.433594
 0.000001280000  256 620.321838 30394.433594
 0.000001312000  0 54.436234 30394.433594
 0.000001344000  0 0.000000 30394.433594
 0.000001376000  0 -604.767700 30394.433594
 0.000001408000  0 -742.224243 30394.433594
 0.000001440000  0 -785.427795 30394.433594
 0.000001472000  256 -722.398315 30394.433594
 0.000001504000  0 -626.080078 30394.433594
 0.000001536000  0 -513.292664 30394.433594
 0.000001568000  256 -360.187073 30394.433594
 0.000001600000  256 -189.758545 30394.433594
 0.000001632000  0 0.000000 30394.433594
 0.000001664000  0 0.000000 30394.433594
 0.000001696000  256 0.000000 30394.433594
 0.000001728000  0 0.000000 30394.433594
 0.000001760000  0 0.000000 30394.433594
 0.000001792000  256 0.000000 30394.433594
 0.000001824000  0 0.000000 30394.433594
 0.000001856000  0 0.000000 30394.433594
 0.000001888000  256 0.000000 30394.433594
 0.000001920000  256 0.000000 30394.433594

 0.000000032000  -256 0.000000 8160.497070
 0.000000064000  -512 0.000000 8160.497070
 0.000000096000  -256 0.000000 8160.497070
 0.000000128000  -256 0.000000 8160.497070
 0.000000160000  -256 0.000000 8160.497070
 0.000000192000  0 0.000000 8160.497070
 0.000000224000  256 36.859394 8160.497070
 0.000000256000  1024 207.556946 8160.497070
 0.000000288000  1280 496.918365 8160.497070
 0.000000320000  1792 922.592224 8160.497070
 0.000000352000  2560 1524.032349 8160.497070
 0.000000384000  2816 2242.604004 8160.497070
 0.000000416000  3584 3102.370605 8160.497070
 0.000000448000  3584 3999.507324 8160.497070
 0.000000480000  3840 4895.189941 8160.497070
 0.000000512000  4096 5762.229004 8160.497070
 0.000000544000  4096 6546.710938 8160.497070
 0.000000576000  4096 7216.677246 8160.497070
 0.000000608000  3840 7721.043945 8160.497070
 0.000000640000  3584 8035.818359 8160.497070
 0.000000672000  3328 8157.782227 8160.497070
 0.000000704000  3072 8098.552734 8160.497070
 0.000000736000  2816 7879.341797 8160.497070
 0.000000768000  2304 7489.721680 8160.497070
 0.000000800000  2048 6971.486328 8160.497070
 0.000000832000  1792 6363.278809 8160.497070
 0.000000864000  1536 5698.743652 8160.497070
 0.000000896000  1024 4968.729980 8160.497070
 0.000000928000  1024 4245.237305 8160.497070
 0.000000960000  512 3504.694824 8160.497070
 0.000000992000  512 2805.478271 8160.497070
 0.000001024000  256 2148.793213 8160.497070
 0.000001056000  256 1569.285034 8160.497070
 0.000001088000  0 1048.894775 8160.497070
 0.000001120000  0 0.000000 8160.497070
 0.000001152000  256 290.356995 8160.497070
 0.000001184000  -256 9.610061 8160.497070
 0.000001216000  0 -188.457291 8160.497070
 0.000001248000  -256 -350.998138 8160.497070
 0.000001280000  0 -440.001678 8160.497070
 0.000001312000  -256 -507.757690 8160.497070
 0.000001344000  -256 -555.698059 8160.497070
 0.000001376000  -512 -623.115417 8160.497070
 0.000001408000  -256 0.000000 8160.497070
 0.000001440000  -256 0.000000 8160.497070
 0.000001472000  -256 0.000000 8160.497070
 0.000001504000  0 0.000000 8160.497070
 0.000001536000  -256 0.000000 8160.497070
 0.000001568000  0 0.000000 8160.497070
 0.000001600000  -512 0.000000 8160.497070
 0.000001632000  -256 0.000000 8160.497070
 0.000001664000  -256 0.000000 8160.497070
 0.000001696000  0 0.000000 8160.497070

 0.000000032000  -512 0.000000 8790.950195
 0.000000064000  -512 0.000000 8790.950195
 0.000000096000  -512 0.000000 8790.950195
 0.000000128000  -512 0.000000 8790.950195
 0.000000160000  -512 0.000000 8790.950195
 0.000000192000  0 0.000000 8790.950195
 0.000000224000  256 36.859394 8790.950195
 0.000000256000  768 170.697556 8790.950195
 0.000000288000  1280 436.799011 8790.950195
 0.000000320000  2048 887.307800 8790.950195
 0.000000352000  2560 1508.747925 8790.950195
 0.000000384000  3072 2279.339844 8790.950195
 0.000000416000  3584 3173.033936 8790.950195
 0.000000448000  3840 4125.794922 8790.950195
 0.000000480000  4352 5125.210449 8790.950195
 0.000000512000  4352 6085.477051 8790.950195
 0.000000544000  4352 6949.090332 8790.950195
 0.000000576000  4352 7682.580566 8790.950195
 0.000000608000  4096 8234.924805 8790.950195
 0.000000640000  4096 8620.153320 8790.950195
 0.000000672000  3584 8786.441406 8790.950195
 0.000000704000  3072 8713.116211 8790.950195
 0.000000736000  3072 8476.613281 8790.950195
 0.000000768000  2560 8068.696777 8790.950195
 0.000000800000  2304 7532.776855 8790.950195
 0.000000832000  1792 6871.728516 8790.950195
 0.000000864000  1280 6096.581055 8790.950195
 0.000000896000  1024 5260.162598 8790.950195
 0.000000928000  768 4404.023438 8790.950195
 0.000000960000  512 3558.794678 8790.950195
 0.000000992000  512 2782.085205 8790.950195
 0.000001024000  256 2072.603760 8790.950195
 0.000001056000  0 1424.603149 8790.950195
 0.000001088000  -256 0.000000 8790.950195
 0.000001120000  0 351.594269 8790.950195
 0.000001152000  -256 -46.644264 8790.950195
 0.000001184000  -512 -396.981537 8790.950195
 0.000001216000  -512 -688.421326 8790.950195
 0.000001248000  -512 -917.473022 8790.950195
 0.000001280000  -512 -1086.173828 8790.950195
 0.000001312000  -512 -1200.300781 8790.950195
 0.000001344000  -512 -1267.844238 8790.950195
 0.000001376000  -512 0.000000 8790.950195
 0.000001408000  -256 0.000000 8790.950195
 0.000001440000  -256 0.000000 8790.950195
 0.000001472000  -256 0.000000 8790.950195
 0.000001504000  -512 0.000000 8790.950195
 0.000001536000  -256 0.000000 8790.950195
 0.000001568000  -256 0.000000 8790.950195
 0.000001600000  -512 0.000000 8790.950195
 0.000001632000  -512 0.000000 8790.950195
 0.000001664000  -256 0.000000 8790.950195

 0.000000032000  -512 0.000000 15467.799805
 0.000000064000  -512 0.000000 15467.799805
 0.000000096000  -256 0.000000 15467.799805
 0.000000128000  -256 0.000000 15467.799805
 0.000000160000  -256 0.000000 15467.799805
 0.000000192000  -256 0.000000 15467.799805
 0.000000224000  256 36.859394 15467.799805
 0.000000256000  1024 207.556946 15467.799805
 0.000000288000  1536 533.777771 15467.799805
 0.000000320000  2560 1093.289795 15467.799805
 0.000000352000  3840 1960.831421 15467.799805
 0.000000384000  4608 3093.052246 15467.799805
 0.000000416000  5632 4477.280762 15467.799805
 0.000000448000  6144 6012.746582 15467.799805
 0.000000480000  6912 7654.576660 15467.799805
 0.000000512000  7424 9326.706055 15467.799805
 0.000000544000  7680 10936.619141 15467.799805
 0.000000576000  7680 12386.890625 15467.799805
 0.000000608000  7680 13620.523438 15467.799805
 0.000000640000  7424 14576.179688 15467.799805
 0.000000672000  6912 15193.890625 15467.799805
 0.000000704000  6400 15455.827148 15467.799805
 0.000000736000  5888 15375.064453 15467.799805
 0.000000768000  5376 14985.466797 15467.799805
 0.000000800000  4608 14296.214844 15467.799805
 0.000000832000  4352 13409.056641 15467.799805
 0.000000864000  3584 12336.051758 15467.799805
 0.000000896000  3072 11135.918945 15467.799805
 0.000000928000  2304 9822.229492 15467.799805
 0.000000960000  1792 8449.560547 15467.799805
 0.000000992000  1536 7097.387695 15467.799805
 0.000001024000  1280 5820.108398 15467.799805
 0.000001056000  768 4613.715820 15467.799805
 0.000001088000  768 3544.009277 15467.799805
 0.000001120000  512 2610.547852 15467.799805
 0.000001152000  256 1803.213501 15467.799805
 0.000001184000  -256 1068.952881 15467.799805
 0.000001216000  0 0.000000 15467.799805
 0.000001248000  -256 -12.345262 15467.799805
 0.000001280000  -256 -391.489807 15467.799805
 0.000001312000  -256 -666.718140 15467.799805
 0.000001344000  -256 -849.075562 15467.799805
 0.000001376000  -256 -953.013245 15467.799805
 0.000001408000  -256 -994.336304 15467.799805
 0.000001440000  -256 -988.664062 15467.799805
 0.000001472000  -256 -950.360718 15467.799805
 0.000001504000  -256 0.000000 15467.799805
 0.000001536000  -512 0.000000 15467.799805
 0.000001568000  -256 0.000000 15467.799805
 0.000001600000  -256 0.000000 15467.799805
 0.000001632000  -256 0.000000 15467.799805
 0.000001664000  -256 0.000000 15467.799805
 0.000001696000  -256 0.000000 15467.799805
 0.000001728000  -256 0.000000 15467.799805
 0.000001760000  -256 0.000000 15467.799805
 0.000001792000  -256 0.000000 15467.799805

 0.000000032000  -256 0.000000 12433.312500
 0.000000064000  -256 0.000000 12433.312500
 0.000000096000  -512 0.000000 12433.312500
 0.000000128000  -256 0.000000 12433.312500
 0.000000160000  -256 0.000000 12433.312500
 0.000000192000  0 0.000000 12433.312500
 0.000000224000  768 110.578178 12433.312500
 0.000000256000  1280 364.655090 12433.312500
 0.000000288000  1792 775.044434 12433.312500
 0.000000320000  2816 1413.220459 12433.312500
 0.000000352000  3584 2276.174316 12433.312500
 0.000000384000  4352 3345.608643 12433.312500
 0.000000416000  5120 4593.794922 12433.312500
 0.000000448000  5376 5914.651367 12433.312500
 0.000000480000  5888 7265.226074 12433.312500
 0.000000512000  6144 8576.325195 12433.312500
 0.000000544000  6400 9802.143555 12433.312500
 0.000000576000  6144 10842.898438 12433.312500
 0.000000608000  5888 11641.763672 12433.312500
 0.000000640000  5632 12176.200195 12433.312500
 0.000000672000  5120 12412.540039 12433.312500
 0.000000704000  4864 12385.434570 12433.312500
 0.000000736000  4352 12101.347656 12433.312500
 0.000000768000  4096 11620.186523 12433.312500
 0.000000800000  3072 10887.675781 12433.312500
 0.000000832000  2816 9994.333008 12433.312500
 0.000000864000  2304 8978.512695 12433.312500
 0.000000896000  1792 7875.996582 12433.312500
 0.000000928000  1792 6791.901367 12433.312500
 0.000000960000  1280 5725.083008 12433.312500
 0.000000992000  768 4673.493652 12433.312500
 0.000001024000  768 3708.316162 12433.312500
 0.000001056000  256 2799.654785 12433.312500
 0.000001088000  256 1996.141724 12433.312500
 0.000001120000  0 1287.537964 12433.312500
 0.000001152000  0 0.000000 12433.312500
 0.000001184000  -256 194.257660 12433.312500
 0.000001216000  -256 -209.802444 12433.312500
 0.000001248000  -256 -515.627197 12433.312500
 0.000001280000  -256 -730.372192 12433.312500
 0.000001312000  -256 -865.625000 12433.312500
 0.000001344000  -256 -935.254944 12433.312500
 0.000001376000  -256 -953.736755 12433.312500
 0.000001408000  -256 -934.929077 12433.312500
 0.000001440000  -256 0.000000 12433.312500
 0.000001472000  -256 0.000000 12433.312500
 0.000001504000  -256 0.000000 12433.312500
 0.000001536000  -256 0.000000 12433.312500
 0.000001568000  -256 0.000000 12433.312500
 0.000001600000  -256 0.000000 12433.312500
 0.000001632000  -256 0.000000 12433.312500
 0.000001664000  0 0.000000 12433.312500
 0.000001696000  0 0.000000 12433.312500
 0.000001728000  -256 0.000000 12433.312500

 0.000000032000  -512 0.000000 38637.746094
 0.000000064000  -512 0.000000 38637.746094
 0.000000096000  -512 0.000000 38637.746094
 0.000000128000  -512 0.000000 38637.746094
 0.000000160000  -512 0.000000 38637.746094
 0.000000192000  -256 0.000000 38637.746094
 0.000000224000  512 73.718788 38637.746094
 0.000000256000  1280 304.535706 38637.746094
 0.000000288000  3072 887.197388 38637.746094
 0.000000320000  5120 1970.147949 38637.746094
 0.000000352000  7168 3621.732178 38637.746094
 0.000000384000  9472 5885.922363 38637.746094
 0.000000416000  12032 8786.389648 38637.746094
 0.000000448000  13824 12183.392578 38637.746094
 0.000000480000  15616 15942.940430 38637.746094
 0.000000512000  16896 19871.013672 38637.746094
 0.000000544000  17408 23708.500000 38637.746094
 0.000000576000  17920 27279.751953 38637.746094
 0.000000608000  18176 30443.595703 38637.746094
 0.000000640000  17664 33019.527344 38637.746094
 0.000000672000  16896 34886.113281 38637.746094
 0.000000704000  15872 35972.187500 38637.746094
 0.000000736000  14848 36283.910156 38637.746094
 0.000000768000  13568 35844.492188 38637.746094
 0.000000800000  12288 34724.332031 38637.746094
 0.000000832000  10752 32985.070312 38637.746094
 0.000000864000  9472 30751.472656 38637.746094
 0.000000896000  8192 28146.843750 38637.746094
 0.000000928000  6912 25284.578125 38637.746094
 0.000000960000  5632 22262.945312 38637.746094
 0.000000992000  4608 19199.361328 38637.746094
 0.000001024000  3840 16216.257812 38637.746094
 0.000001056000  2816 13357.053711 38637.746094
 0.000001088000  2304 10717.074219 38637.746094
 0.000001120000  1792 8347.553711 38637.746094
 0.000001152000  1280 6265.041016 38637.746094
 0.000001184000  768 4460.508301 38637.746094
 0.000001216000  512 2944.457031 38637.746094
 0.000001248000  512 1740.360840 38637.746094
 0.000001280000  256 805.405640 38637.746094
 0.000001312000  0 90.115440 38637.746094
 0.000001344000  0 0.000000 38637.746094
 0.000001376000  0 -747.166687 38637.746094
 0.000001408000  0 -923.916748 38637.746094
 0.000001440000  256 -944.805481 38637.746094
 0.000001472000  256 -854.614258 38637.746094
 0.000001504000  0 -729.681885 38637.746094
 0.000001536000  256 -552.459839 38637.746094
 0.000001568000  0 -388.093994 38637.746094
 0.000001600000  0 -244.599442 38637.746094
 0.000001632000  256 0.000000 38637.746094
 0.000001664000  256 0.000000 38637.746094
 0.000001696000  256 0.000000 38637.746094
 0.000001728000  256 0.000000 38637.746094
 0.000001760000  512 0.000000 38637.746094
 0.000001792000  512 0.000000 38637.746094
 0.000001824000  256 0.000000 38637.746094
 0.000001856000  512 0.000000 38637.746094
 0.000001888000  256 0.000000 38637.746094
 0.000001920000  256 0.000000 38637.746094

 0.000000032000  -768 0.000000 12329.781250
 0.000000064000  -512 0.000000 12329.781250
 0.000000096000  -512 0.000000 12329.781250
 0.000000128000  -512 0.000000 12329.781250
 0.000000160000  -256 0.000000 12329.781250
 0.000000192000  -256 0.000000 12329.781250
 0.000000224000  256 36.859394 12329.781250
 0.000000256000  768 170.697556 12329.781250
 0.000000288000  1536 473.658386 12329.781250
 0.000000320000  2304 984.286560 12329.781250
 0.000000352000  3072 1714.729980 12329.781250
 0.000000384000  4096 2694.564209 12329.781250
 0.000000416000  4864 3889.768066 12329.781250
 0.000000448000  5376 5224.059570 12329.781250
 0.000000480000  5888 6633.796875 12329.781250
 0.000000512000  6144 8031.945801 12329.781250
 0.000000544000  6400 9358.153320 12329.781250
 0.000000576000  5888 10464.589844 12329.781250
 0.000000608000  5888 11336.865234 12329.781250
 0.000000640000  5632 11944.861328 12329.781250
 0.000000672000  5376 12286.428711 12329.781250
 0.000000704000  4608 12305.520508 12329.781250
 0.000000736000  4352 12059.665039 12329.781250
 0.000000768000  3840 11571.523438 12329.781250
 0.000000800000  3328 10874.467773 12329.781250
 0.000000832000  2816 10007.000977 12329.781250
 0.000000864000  2304 9008.459961 12329.781250
 0.000000896000  1792 7915.936523 12329.781250
 0.000000928000  1280 6762.272949 12329.781250
 0.000000960000  1280 5648.678711 12329.781250
 0.000000992000  512 4532.845215 12329.781250
 0.000001024000  512 3495.767334 12329.781250
 0.000001056000  256 2551.858643 12329.781250
 0.000001088000  0 1704.545044 12329.781250
 0.000001120000  -256 0.000000 12329.781250
 0.000001152000  -256 313.103058 12329.781250
 0.000001184000  -256 -193.553497 12329.781250
 0.000001216000  -256 -572.677124 12329.781250
 0.000001248000  -512 -871.706299 12329.781250
 0.000001280000  -512 -1092.898682 12329.781250
 0.000001312000  -768 -1280.304565 12329.781250
 0.000001344000  -512 -1393.606323 12329.781250
 0.000001376000  -512 -1446.653320 12329.781250
 0.000001408000  -512 0.000000 12329.781250
 0.000001440000  -512 0.000000 12329.781250
 0.000001472000  -512 0.000000 12329.781250
 0.000001504000  -512 0.000000 12329.781250
 0.000001536000  -512 0.000000 12329.781250
 0.000001568000  -512 0.000000 12329.781250
 0.000001600000  -512 0.000000 12329.781250
 0.000001632000  -512 0.000000 12329.781250
 0.000001664000  -512 0.000000 12329.781250
 0.000001696000  -512 0.000000 12329.781250

 0.000000032000  -512 0.000000 19404.990234
 0.000000064000  -768 0.000000 19404.990234
 0.000000096000  -768 0.000000 19404.990234
 0.000000128000  -256 0.000000 19404.990234
 0.000000160000  -512 0.000000 19404.990234
 0.000000192000  0 0.000000 19404.990234
 0.000000224000  768 110.578178 19404.990234
 0.000000256000  1536 401.514496 19404.990234
 0.000000288000  2560 945.742004 19404.990234
 0.000000320000  4096 1850.019409 19404.990234
 0.000000352000  5120 3089.763184 19404.990234
 0.000000384000  6400 4660.398926 19404.990234
 0.000000416000  7424 6498.029785 19404.990234
 0.000000448000  8192 8501.653320 19404.990234
 0.000000480000  8960 10588.310547 19404.990234
 0.000000512000  9472 12656.841797 19404.990234
 0.000000544000  9728 14600.573242 19404.990234
 0.000000576000  9728 16316.636719 19404.990234
 0.000000608000  9472 17712.240234 19404.990234
 0.000000640000  8960 18708.357422 19404.990234
 0.000000672000  8448 19278.191406 19404.990234
 0.000000704000  7680 19396.734375 19404.990234
 0.000000736000  7168 19115.746094 19404.990234
 0.000000768000  6144 18426.664062 19404.990234
 0.000000800000  5376 17389.707031 19404.990234
 0.000000832000  4608 16072.254883 19404.990234
 0.000000864000  4096 14578.730469 19404.990234
 0.000000896000  3328 12958.363281 19404.990234
 0.000000928000  2560 11254.891602 19404.990234
 0.000000960000  2048 9541.912109 19404.990234
 0.000000992000  1536 7871.848633 19404.990234
 0.000001024000  1280 6315.327148 19404.990234
 0.000001056000  768 4876.965820 19404.990234
 0.000001088000  512 3588.365479 19404.990234
 0.000001120000  256 2460.960938 19404.990234
 0.000001152000  0 1491.186401 19404.990234
 0.000001184000  0 0.000000 19404.990234
 0.000001216000  -256 59.851940 19404.990234
 0.000001248000  -256 -432.803070 19404.990234
 0.000001280000  -256 -784.859253 19404.990234
 0.000001312000  -256 -1012.724426 19404.990234
 0.000001344000  -512 -1173.733887 19404.990234
 0.000001376000  -256 -1239.290649 19404.990234
 0.000001408000  -512 -1269.880493 19404.990234
 0.000001440000  -256 -1236.825806 19404.990234
 0.000001472000  -256 0.000000 19404.990234
 0.000001504000  -512 0.000000 19404.990234
 0.000001536000  -512 0.000000 19404.990234
 0.000001568000  -256 0.000000 19404.990234
 0.000001600000  -256 0.000000 19404.990234
 0.000001632000  -256 0.000000 19404.990234
 0.000001664000  -256 0.000000 19404.990234
 0.000001696000  -256 0.000000 19404.990234
 0.000001728000  0 0.000000 19404.990234
 0.000001760000  -256 0.000000 19404.990234

 0.000000032000  -256 0.000000 31048.943359
 0.000000064000  -512 0.000000 31048.943359
 0.000000096000  -512 0.000000 31048.943359
 0.000000128000  -256 0.000000 31048.943359
 0.000000160000  -256 0.000000 31048.943359
 0.000000192000  0 0.000000 31048.943359
 0.000000224000  512 73.718788 31048.943359
 0.000000256000  1536 341.395111 31048.943359
 0.000000288000  3072 947.316772 31048.943359
 0.000000320000  4864 2005.432495 31048.943359
 0.000000352000  6656 3563.298096 31048.943359
 0.000000384000  8704 5655.229492 31048.943359
 0.000000416000  10496 8230.044922 31048.943359
 0.000000448000  12288 11216.997070 31048.943359
 0.000000480000  13568 14462.960938 31048.943359
 0.000000512000  14592 17804.777344 31048.943359
 0.000000544000  15104 21047.117188 31048.943359
 0.000000576000  15360 24022.962891 31048.943359
 0.000000608000  15360 26597.218750 31048.943359
 0.000000640000  15104 28666.960938 31048.943359
 0.000000672000  14336 30122.427734 31048.943359
 0.000000704000  13312 30893.820312 31048.943359
 0.000000736000  12544 31018.171875 31048.943359
 0.000000768000  11264 30494.378906 31048.943359
 0.000000800000  9984 29368.326172 31048.943359
 0.000000832000  8704 27715.632812 31048.943359
 0.000000864000  7424 25627.375000 31048.943359
 0.000000896000  6400 23235.794922 31048.943359
 0.000000928000  5632 20692.566406 31048.943359
 0.000000960000  4352 18041.513672 31048.943359
 0.000000992000  3584 15394.928711 31048.943359
 0.000001024000  2816 12831.437500 31048.943359
 0.000001056000  2304 10437.194336 31048.943359
 0.000001088000  1792 8260.583984 31048.943359
 0.000001120000  1280 6319.955566 31048.943359
 0.000001152000  1024 4648.080078 31048.943359
 0.000001184000  768 3248.647705 31048.943359
 0.000001216000  256 2067.780762 31048.943359
 0.000001248000  512 1162.444458 31048.943359
 0.000001280000  256 479.133301 31048.943359
 0.000001312000  512 37.965691 31048.943359
 0.000001344000  256 -238.065308 31048.943359
 0.000001376000  256 -378.127380 31048.943359
 0.000001408000  256 -412.515045 31048.943359
 0.000001440000  256 -370.134064 31048.943359
 0.000001472000  256 -276.832916 31048.943359
 0.000001504000  512 -117.590462 31048.943359
 0.000001536000  256 39.687748 31048.943359
 0.000001568000  512 221.121796 31048.943359
 0.000001600000  512 406.476654 31048.943359
 0.000001632000  512 581.244080 31048.943359
 0.000001664000  512 735.986511 31048.943359
 0.000001696000  256 828.651245 31048.943359
 0.000001728000  512 907.861267 31048.943359
 0.000001760000  256 935.050476 31048.943359
 0.000001792000  512 960.569092 31048.943359
 0.000001824000  512 983.075989 31048.943359
 0.000001856000  256 964.985840 31048.943359
 0.000001888000  512 956.516296 31048.943359
 0.000001920000  256 918.560730 31048.943359
 0.000001952000  512 899.467163 31048.943359
 0.000001984000  256 858.149536 31048.943359
 0.000002016000  256 804.182068 31048.943359
 0.000002048000  0 708.347107 31048.943359
 0.000002080000  256 0.000000 31048.943359
 0.000002112000  256 561.263977 31048.943359
 0.000002144000  0 474.758240 31048.943359
 0.000002176000  -256 342.903748 31048.943359
 0.000002208000  0 225.519165 31048.943359
 0.000002240000  -256 89.898689 31048.943359
 0.000002272000  -512 -85.638229 31048.943359
 0.000002304000  -512 -276.600800 31048.943359
 0.000002336000  -512 -464.660583 31048.943359
 0.000002368000  -512 0.000000 31048.943359
 0.000002400000  -512 0.000000 31048.943359
 0.000002432000  -512 0.000000 31048.943359
 0.000002464000  -512 0.000000 31048.943359
 0.000002496000  -768 0.000000 31048.943359
 0.000002528000  -512 0.000000 31048.943359
 0.000002560000  -768 0.000000 31048.943359
 0.000002592000  -512 0.000000 31048.943359
 0.000002624000  -768 0.000000 31048.943359
 0.000002656000  -1024 0.000000 31048.943359

 0.000000032000  -512 0.000000 6141.727539
 0.000000064000  -256 0.000000 6141.727539
 0.000000096000  -256 0.000000 6141.727539
 0.000000128000  -512 0.000000 6141.727539
 0.000000160000  -256 0.000000 6141.727539
 0.000000192000  -256 0.000000 6141.727539
 0.000000224000  256 36.859394 6141.727539
 0.000000256000  768 170.697556 6141.727539
 0.000000288000  1024 399.939606 6141.727539
 0.000000320000  1536 753.469604 6141.727539
 0.000000352000  1792 1205.786987 6141.727539
 0.000000384000  2304 1768.711670 6141.727539
 0.000000416000  2560 2405.731201 6141.727539
 0.000000448000  2816 3085.842041 6141.727539
 0.000000480000  3072 3784.145020 6141.727539
 0.000000512000  3072 4444.966309 6141.727539
 0.000000544000  3072 5031.862793 6141.727539
 0.000000576000  3072 5524.536621 6141.727539
 0.000000608000  2816 5878.641113 6141.727539
 0.000000640000  2560 6072.974609 6141.727539
 0.000000672000  2560 6140.992188 6141.727539
 0.000000704000  2048 6041.590332 6141.727539
 0.000000736000  1792 5794.782715 6141.727539
 0.000000768000  1536 5425.251953 6141.727539
 0.000000800000  1536 4996.044922 6141.727539
 0.000000832000  1280 4518.922852 6141.727539
 0.000000864000  1024 4005.604004 6141.727539
 0.000000896000  768 3466.932861 6141.727539
 0.000000928000  512 2912.357666 6141.727539
 0.000000960000  256 2349.666504 6141.727539
 0.000000992000  0 1784.919067 6141.727539
 0.000001024000  0 0.000000 6141.727539
 0.000001056000  -256 762.387390 6141.727539
 0.000001088000  -256 321.236938 6141.727539
 0.000001120000  -256 -48.893772 6141.727539
 0.000001152000  -256 -342.448883 6141.727539
 0.000001184000  -256 -561.035217 6141.727539
 0.000001216000  -512 -748.038818 6141.727539
 0.000001248000  -256 -862.516602 6141.727539
 0.000001280000  -256 -917.764771 6141.727539
 0.000001312000  -512 0.000000 6141.727539
 0.000001344000  -512 0.000000 6141.727539
 0.000001376000  -256 0.000000 6141.727539
 0.000001408000  -256 0.000000 6141.727539
 0.000001440000  -256 0.000000 6141.727539
 0.000001472000  -256 110.578178 6141.727539
 0.000001504000  -256 327.795685 6141.727539
 0.000001536000  -512 678.065674 6141.727539
 0.000001568000  -512 1170.379028 6141.727539
 0.000001600000  -256 1727.112061 6141.727539

 0.000000032000  -256 0.000000 31396.089844
 0.000000064000  -256 0.000000 31396.089844
 0.000000096000  -256 0.000000 31396.089844
 0.000000128000  -256 0.000000 31396.089844
 0.000000160000  -256 0.000000 31396.089844
 0.000000192000  0 0.000000 31396.089844
 0.000000224000  256 36.859394 31396.089844
 0.000000256000  512 133.838165 31396.089844
 0.000000288000  768 302.960876 31396.089844
 0.000000320000  1024 547.487549 31396.089844
 0.000000352000  1280 864.281616 31396.089844
 0.000000384000  1536 1245.935425 31396.089844
 0.000000416000  1792 1682.571899 31396.089844
 0.000000448000  1792 2126.429199 31396.089844
 0.000000480000  2048 2580.268799 31396.089844
 0.000000512000  2048 3008.453857 31396.089844
 0.000000544000  2304 3424.636719 31396.089844
 0.000000576000  2816 3876.138916 31396.089844
 0.000000608000  3584 4430.545898 31396.089844
 0.000000640000  4864 5201.684082 31396.089844
 0.000000672000  6656 6327.692871 31396.089844
 0.000000704000  8192 7843.282715 31396.089844
 0.000000736000  9728 9744.809570 31396.089844
 0.000000768000  11520 12038.787109 31396.089844
 0.000000800000  13056 14664.683594 31396.089844
 0.000000832000  14336 17519.187500 31396.089844
 0.000000864000  15104 20439.492188 31396.089844
 0.000000896000  15616 23269.539062 31396.089844
 0.000000928000  15616 25832.390625 31396.089844
 0.000000960000  15616 28022.894531 31396.089844
 0.000000992000  15104 29720.207031 31396.089844
 0.000001024000  14336 30838.017578 31396.089844
 0.000001056000  13568 31357.365234 31396.089844
 0.000001088000  12544 31271.150391 31396.089844
 0.000001120000  11264 30581.109375 31396.089844
 0.000001152000  9984 29331.937500 31396.089844
 0.000001184000  8704 27595.304688 31396.089844
 0.000001216000  7680 25493.556641 31396.089844
 0.000001248000  6656 23138.986328 31396.089844
 0.000001280000  5632 20628.742188 31396.089844
 0.000001312000  4608 18042.332031 31396.089844
 0.000001344000  3840 15477.995117 31396.089844
 0.000001376000  3072 13003.206055 31396.089844
 0.000001408000  2304 10658.957031 31396.089844
 0.000001440000  1792 8501.530273 31396.089844
 0.000001472000  1536 6593.902344 31396.089844
 0.000001504000  1280 4962.363770 31396.089844
 0.000001536000  1024 3605.523682 31396.089844
 0.000001568000  512 2465.768555 31396.089844
 0.000001600000  512 1560.684204 31396.089844
 0.000001632000  512 885.739746 31396.089844
 0.000001664000  512 421.182220 31396.089844
 0.000001696000  256 101.119164 31396.089844
 0.000001728000  512 -57.457924 31396.089844
 0.000001760000  512 -91.088264 31396.089844
 0.000001792000  256 -71.314713 31396.089844
 0.000001824000  512 21.439627 31396.089844
 0.000001856000  256 121.965302 31396.089844
 0.000001888000  512 257.576965 31396.089844
 0.000001920000  512 408.092560 31396.089844
 0.000001952000  512 558.250366 31396.089844
 0.000001984000  512 697.346619 31396.089844
 0.000002016000  512 818.652588 31396.089844
 0.000002048000  512 918.718384 31396.089844
 0.000002080000  256 959.788269 31396.089844
 0.000002112000  256 956.425171 31396.089844
 0.000002144000  256 922.066162 31396.089844
 0.000002176000  512 905.248718 31396.089844
 0.000002208000  256 865.114990 31396.089844
 0.000002240000  256 811.478394 31396.089844
 0.000002272000  256 752.210083 31396.089844
 0.000002304000  256 693.249268 31396.089844
 0.000002336000  0 601.889893 31396.089844
 0.000002368000  256 0.000000 31396.089844
 0.000002400000  256 480.103271 31396.089844
 0.000002432000  0 409.624542 31396.089844
 0.000002464000  0 330.586090 31396.089844
 0.000002496000  -256 214.360519 31396.089844
 0.000002528000  -256 80.358200 31396.089844
 0.000002560000  -256 -56.494869 31396.089844
 0.000002592000  -512 -222.359329 31396.089844
 0.000002624000  -256 -359.819733 31396.089844
 0.000002656000  -512 0.000000 31396.089844
 0.000002688000  -768 0.000000 31396.089844
 0.000002720000  -512 0.000000 31396.089844
 0.000002752000  -768 0.000000 31396.089844
 0.000002784000  -768 0.000000 31396.089844
 0.000002816000  -768 0.000000 31396.089844
 0.000002848000  -1024 0.000000 31396.089844
 0.000002880000  -512 0.000000 31396.089844
 0.000002912000  -1024 0.000000 31396.089844
 0.000002944000  -768 0.000000 31396.089844

 0.000000032000  -256 0.000000 19588.562500
 0.000000064000  -512 0.000000 19588.562500
 0.000000096000  -512 0.000000 19588.562500
 0.000000128000  -512 0.000000 19588.562500
 0.000000160000  -256 0.000000 19588.562500
 0.000000192000  0 0.000000 19588.562500
 0.000000224000  512 73.718788 19588.562500
 0.000000256000  768 230.816925 19588.562500
 0.000000288000  1792 582.661743 19588.562500
 0.000000320000  2816 1193.528687 19588.562500
 0.000000352000  4096 2126.817871 19588.562500
 0.000000384000  5632 3440.749756 19588.562500
 0.000000416000  6656 5075.133789 19588.562500
 0.000000448000  7680 6964.584473 19588.562500
 0.000000480000  8448 9007.910156 19588.562500
 0.000000512000  9216 11122.893555 19588.562500
 0.000000544000  9728 13209.713867 19588.562500
 0.000000576000  9728 15126.503906 19588.562500
 0.000000608000  9728 16785.761719 19588.562500
 0.000000640000  9472 18107.654297 19588.562500
 0.000000672000  8960 19023.482422 19588.562500
 0.000000704000  8448 19514.183594 19588.562500
 0.000000736000  7680 19560.099609 19588.562500
 0.000000768000  7168 19216.292969 19588.562500
 0.000000800000  6400 18512.667969 19588.562500
 0.000000832000  5632 17496.154297 19588.562500
 0.000000864000  4864 16222.271484 19588.562500
 0.000000896000  3840 14711.718750 19588.562500
 0.000000928000  3328 13069.804688 19588.562500
 0.000000960000  2560 11343.163086 19588.562500
 0.000000992000  2048 9607.539062 19588.562500
 0.000001024000  1792 7953.690430 19588.562500
 0.000001056000  1280 6402.676270 19588.562500
 0.000001088000  1024 4998.758789 19588.562500
 0.000001120000  512 3725.605469 19588.562500
 0.000001152000  512 2636.040283 19588.562500
 0.000001184000  0 1680.264282 19588.562500
 0.000001216000  0 0.000000 19588.562500
 0.000001248000  -256 229.168594 19588.562500
 0.000001280000  -256 -286.917999 19588.562500
 0.000001312000  -256 -665.949951 19588.562500
 0.000001344000  -256 -921.340454 19588.562500
 0.000001376000  -256 -1071.420532 19588.562500
 0.000001408000  0 -1099.799683 19588.562500
 0.000001440000  0 -1040.575562 19588.562500
 0.000001472000  -256 -960.886169 19588.562500
 0.000001504000  -256 0.000000 19588.562500
 0.000001536000  -256 0.000000 19588.562500
 0.000001568000  -256 0.000000 19588.562500
 0.000001600000  0 0.000000 19588.562500
 0.000001632000  0 0.000000 19588.562500
 0.000001664000  -256 0.000000 19588.562500
 0.000001696000  256 0.000000 19588.562500
 0.000001728000  0 0.000000 19588.562500
 0.000001760000  0 0.000000 19588.562500
 0.000001792000  0 0.000000 19588.562500

 0.000000032000  -256 0.000000 31064.728516
 0.000000064000  -512 0.000000 31064.728516
 0.000000096000  -512 0.000000 31064.728516
 0.000000128000  -768 0.000000 31064.728516
 0.000000160000  -512 0.000000 31064.728516
 0.000000192000  -256 0.000000 31064.728516
 0.000000224000  512 73.718788 31064.728516
 0.000000256000  1280 304.535706 31064.728516
 0.000000288000  3072 887.197388 31064.728516
 0.000000320000  4864 1933.288574 31064.728516
 0.000000352000  6656 3487.894287 31064.728516
 0.000000384000  8704 5582.961914 31064.728516
 0.000000416000  10496 8165.184570 31064.728516
 0.000000448000  12288 11162.014648 31064.728516
 0.000000480000  13568 14418.879883 31064.728516
 0.000000512000  14592 17771.533203 31064.728516
 0.000000544000  15360 21060.746094 31064.728516
 0.000000576000  15616 24105.423828 31064.728516
 0.000000608000  15360 26722.134766 31064.728516
 0.000000640000  14848 28775.871094 31064.728516
 0.000000672000  14080 30175.386719 31064.728516
 0.000000704000  13568 30940.490234 31064.728516
 0.000000736000  12288 31020.203125 31064.728516
 0.000000768000  11264 30464.884766 31064.728516
 0.000000800000  9984 29318.796875 31064.728516
 0.000000832000  8704 27655.585938 31064.728516
 0.000000864000  7680 25601.115234 31064.728516
 0.000000896000  6400 23235.179688 31064.728516
 0.000000928000  5376 20673.166016 31064.728516
 0.000000960000  4608 18047.162109 31064.728516
 0.000000992000  3584 15417.783203 31064.728516
 0.000001024000  2816 12864.745117 31064.728516
 0.000001056000  2304 10475.452148 31064.728516
 0.000001088000  1792 8299.568359 31064.728516
 0.000001120000  1280 6356.644043 31064.728516
 0.000001152000  1024 4680.512695 31064.728516
 0.000001184000  512 3238.894287 31064.728516
 0.000001216000  256 2029.070923 31064.728516
 0.000001248000  256 1069.304688 31064.728516
 0.000001280000  256 354.432373 31064.728516
 0.000001312000  0 -173.665359 31064.728516
 0.000001344000  0 0.000000 31064.728516
 0.000001376000  0 -746.333313 31064.728516
 0.000001408000  0 -842.982239 31064.728516
 0.000001440000  0 -850.242920 31064.728516
 0.000001472000  0 -794.137634 31064.728516
 0.000001504000  0 -697.522827 31064.728516
 0.000001536000  0 -579.383667 31064.728516
 0.000001568000  0 -454.617035 31064.728516
 0.000001600000  0 -334.173126 31064.728516
 0.000001632000  0 0.000000 31064.728516
 0.000001664000  256 0.000000 31064.728516
 0.000001696000  256 0.000000 31064.728516
 0.000001728000  256 0.000000 31064.728516
 0.000001760000  256 0.000000 31064.728516
 0.000001792000  256 0.000000 31064.728516
 0.000001824000  0 0.000000 31064.728516
 0.000001856000  256 0.000000 31064.728516
 0.000001888000  0 0.000000 31064.728516
 0.000001920000  0 0.000000 31064.728516

 0.000000032000  -512 0.000000 29100.851562
 0.000000064000  -512 0.000000 29100.851562
 0.000000096000  -512 0.000000 29100.851562
 0.000000128000  -256 0.000000 29100.851562
 0.000000160000  -512 0.000000 29100.851562
 0.000000192000  -256 0.000000 29100.851562
 0.000000224000  512 73.718788 29100.851562
 0.000000256000  1536 341.395111 29100.851562
 0.000000288000  3072 947.316772 29100.851562
 0.000000320000  4864 2005.432495 29100.851562
 0.000000352000  6400 3526.438721 29100.851562
 0.000000384000  8448 5558.250977 29100.851562
 0.000000416000  10240 8060.922363 29100.851562
 0.000000448000  11776 10935.610352 29100.851562
 0.000000480000  12800 14012.326172 29100.851562
 0.000000512000  13824 17157.017578 29100.851562
 0.000000544000  14336 20196.828125 29100.851562
 0.000000576000  14336 22944.062500 29100.851562
 0.000000608000  14336 25287.828125 29100.851562
 0.000000640000  14080 27142.353516 29100.851562
 0.000000672000  13312 28408.835938 29100.851562
 0.000000704000  12288 29023.291016 29100.851562
 0.000000736000  11520 29024.533203 29100.851562
 0.000000768000  10240 28410.277344 29100.851562
 0.000000800000  9216 27260.087891 29100.851562
 0.000000832000  7936 25631.621094 29100.851562
 0.000000864000  6656 23599.849609 29100.851562
 0.000000896000  5888 21320.224609 29100.851562
 0.000000928000  4864 18883.027344 29100.851562
 0.000000960000  3840 16363.071289 29100.851562
 0.000000992000  3328 13892.627930 29100.851562
 0.000001024000  2560 11524.263672 29100.851562
 0.000001056000  2048 9324.447266 29100.851562
 0.000001088000  1536 7327.774902 29100.851562
 0.000001120000  1280 5580.803711 29100.851562
 0.000001152000  768 4061.428467 29100.851562
 0.000001184000  256 2737.724609 29100.851562
 0.000001216000  512 1683.739014 29100.851562
 0.000001248000  256 858.393250 29100.851562
 0.000001280000  256 253.207397 29100.851562
 0.000001312000  0 -190.489349 29100.851562
 0.000001344000  256 0.000000 29100.851562
 0.000001376000  256 -566.210510 29100.851562
 0.000001408000  0 -605.846924 29100.851562
 0.000001440000  256 -553.237915 29100.851562
 0.000001472000  0 -476.423706 29100.851562
 0.000001504000  0 -388.122253 29100.851562
 0.000001536000  0 -298.101715 29100.851562
 0.000001568000  0 -213.353317 29100.851562
 0.000001600000  256 -101.553131 29100.851562
 0.000001632000  256 0.000000 29100.851562
 0.000001664000  256 0.000000 29100.851562
 0.000001696000  256 0.000000 29100.851562
 0.000001728000  256 0.000000 29100.851562
 0.000001760000  256 0.000000 29100.851562
 0.000001792000  256 0.000000 29100.851562
 0.000001824000  0 0.000000 29100.851562
 0.000001856000  0 0.000000 29100.851562
 0.000001888000  0 0.000000 29100.851562
 0.000001920000  0 0.000000 29100.851562

 0.000000032000  -256 0.000000 13943.590820
 0.000000064000  -256 0.000000 13943.590820
 0.000000096000  -256 0.000000 13943.590820
 0.000000128000  -512 0.000000 13943.590820
 0.000000160000  -256 0.000000 13943.590820
 0.000000192000  0 0.000000 13943.590820
 0.000000224000  512 73.718788 13943.590820
 0.000000256000  1280 304.535706 13943.590820
 0.000000288000  2048 739.759827 13943.590820
 0.000000320000  2816 1397.935913 13943.590820
 0.000000352000  3584 2276.050781 13943.590820
 0.000000384000  4608 3393.012207 13943.590820
 0.000000416000  5376 4708.058105 13943.590820
 0.000000448000  6144 6178.271973 13943.590820
 0.000000480000  6656 7725.451172 13943.590820
 0.000000512000  6912 9252.215820 13943.590820
 0.000000544000  6912 10654.715820 13943.590820
 0.000000576000  6912 11868.885742 13943.590820
 0.000000608000  6656 12826.382812 13943.590820
 0.000000640000  6400 13497.639648 13943.590820
 0.000000672000  6144 13882.474609 13943.590820
 0.000000704000  5376 13927.661133 13943.590820
 0.000000736000  5120 13693.949219 13943.590820
 0.000000768000  4352 13170.409180 13943.590820
 0.000000800000  4096 12443.941406 13943.590820
 0.000000832000  3328 11516.528320 13943.590820
 0.000000864000  3072 10477.748047 13943.590820
 0.000000896000  2304 9324.878906 13943.590820
 0.000000928000  1792 8101.077148 13943.590820
 0.000000960000  1536 6878.650879 13943.590820
 0.000000992000  1280 5708.336426 13943.590820
 0.000001024000  768 4585.191406 13943.590820
 0.000001056000  512 3539.205078 13943.590820
 0.000001088000  256 2585.906250 13943.590820
 0.000001120000  0 1729.539673 13943.590820
 0.000001152000  0 0.000000 13943.590820
 0.000001184000  -256 383.101807 13943.590820
 0.000001216000  0 -80.269051 13943.590820
 0.000001248000  -256 -437.116699 13943.590820
 0.000001280000  -256 -693.384705 13943.590820
 0.000001312000  -256 -860.492554 13943.590820
 0.000001344000  -256 -952.887329 13943.590820
 0.000001376000  -256 -986.104309 13943.590820
 0.000001408000  -256 -975.325867 13943.590820
 0.000001440000  -256 0.000000 13943.590820
 0.000001472000  -256 0.000000 13943.590820
 0.000001504000  -512 0.000000 13943.590820
 0.000001536000  -256 0.000000 13943.590820
 0.000001568000  -256 0.000000 13943.590820
 0.000001600000  -256 0.000000 13943.590820
 0.000001632000  -256 0.000000 13943.590820
 0.000001664000  0 0.000000 13943.590820
 0.000001696000  -256 0.000000 13943.590820
 0.000001728000  -256 0.000000 13943.590820

 0.000000032000  -256 0.000000 17572.783203
 0.000000064000  -512 0.000000 17572.783203
 0.000000096000  -256 0.000000 17572.783203
 0.000000128000  -512 0.000000 17572.783203
 0.000000160000  -512 0.000000 17572.783203
 0.000000192000  -256 0.000000 17572.783203
 0.000000224000  256 36.859394 17572.783203
 0.000000256000  768 170.697556 17572.783203
 0.000000288000  1792 510.517792 17572.783203
 0.000000320000  2816 1118.124756 17572.783203
 0.000000352000  3840 2017.690918 17572.783203
 0.000000384000  5120 3242.051514 17572.783203
 0.000000416000  6144 4754.048828 17572.783203
 0.000000448000  6912 6469.994141 17572.783203
 0.000000480000  7680 8316.368164 17572.783203
 0.000000512000  8192 10195.235352 17572.783203
 0.000000544000  8704 12035.402344 17572.783203
 0.000000576000  8704 13715.887695 17572.783203
 0.000000608000  8704 15163.131836 17572.783203
 0.000000640000  8448 16305.349609 17572.783203
 0.000000672000  8192 17114.033203 17572.783203
 0.000000704000  7424 17519.433594 17572.783203
 0.000000736000  6912 17538.406250 17572.783203
 0.000000768000  6400 17210.623047 17572.783203
 0.000000800000  5888 16588.935547 17572.783203
 0.000000832000  5120 15694.799805 17572.783203
 0.000000864000  4352 14562.914062 17572.783203
 0.000000896000  3584 13234.790039 17572.783203
 0.000000928000  3072 11790.597656 17572.783203
 0.000000960000  2560 10295.052734 17572.783203
 0.000000992000  1792 8760.493164 17572.783203
 0.000001024000  1536 7272.120117 17572.783203
 0.000001056000  1280 5886.508301 17572.783203
 0.000001088000  512 4562.314941 17572.783203
 0.000001120000  512 3376.630859 17572.783203
 0.000001152000  256 2336.822998 17572.783203
 0.000001184000  0 1437.569214 17572.783203
 0.000001216000  -256 0.000000 17572.783203
 0.000001248000  -256 37.136391 17572.783203
 0.000001280000  -256 -443.814178 17572.783203
 0.000001312000  -256 -786.849060 17572.783203
 0.000001344000  -256 -1008.228638 17572.783203
 0.000001376000  -512 -1165.002075 17572.783203
 0.000001408000  -256 -1228.209351 17572.783203
 0.000001440000  -256 -1221.085815 17572.783203
 0.000001472000  -512 -1201.889160 17572.783203
 0.000001504000  -256 0.000000 17572.783203
 0.000001536000  -256 0.000000 17572.783203
 0.000001568000  0 0.000000 17572.783203
 0.000001600000  0 0.000000 17572.783203
 0.000001632000  -256 0.000000 17572.783203
 0.000001664000  -256 0.000000 17572.783203
 0.000001696000  0 0.000000 17572.783203
 0.000001728000  0 0.000000 17572.783203
 0.000001760000  -256 0.000000 17572.783203
 0.000001792000  0 0.000000 17572.783203

 0.000000032000  256 559.198120 930.018433
 0.000000064000  256 -35.446358 930.018433
 0.000000096000  0 -450.951660 930.018433
 0.000000128000  0 0.000000 930.018433
 0.000000160000  256 0.000000 930.018433
 0.000000192000  0 0.000000 930.018433
 0.000000224000  256 36.859394 930.018433
 0.000000256000  256 96.978767 930.018433
 0.000000288000  256 169.122711 930.018433
 0.000000320000  256 244.526657 930.018433
 0.000000352000  256 316.794128 930.018433
 0.000000384000  256 381.653931 930.018433
 0.000000416000  512 473.495911 930.018433
 0.000000448000  512 577.695557 930.018433
 0.000000480000  512 683.081665 930.018433
 0.000000512000  512 781.715149 930.018433
 0.000000544000  256 831.641174 930.018433
 0.000000576000  512 880.589172 930.018433
 0.000000608000  512 925.325623 930.018433
 0.000000640000  256 927.021240 930.018433
 0.000000672000  256 898.335510 930.018433
 0.000000704000  512 887.215149 930.018433
 0.000000736000  512 889.244446 930.018433
 0.000000768000  256 863.513000 930.018433
 0.000000800000  256 820.117126 930.018433
 0.000000832000  256 767.426575 930.018433
 0.000000864000  256 711.994629 930.018433
 0.000000896000  0 621.766724 930.018433
 0.000000928000  0 0.000000 930.018433
 0.000000960000  -256 363.674438 930.018433
 0.000000992000  -256 195.250534 930.018433
 0.000001024000  -256 25.926603 930.018433
 0.000001056000  -512 -168.699677 930.018433
 0.000001088000  -512 -367.103088 930.018433
 0.000001120000  -512 -553.878723 930.018433
 0.000001152000  -768 -755.892761 930.018433
 0.000001184000  -768 -954.076843 930.018433
 0.000001216000  -512 0.000000 930.018433
 0.000001248000  -768 0.000000 930.018433
 0.000001280000  -768 0.000000 930.018433
 0.000001312000  -768 0.000000 930.018433
 0.000001344000  -768 0.000000 930.018433
 0.000001376000  -1024 0.000000 930.018433
 0.000001408000  -1024 0.000000 930.018433
 0.000001440000  -1024 0.000000 930.018433
 0.000001472000  -1024 0.000000 930.018433
 0.000001504000  -1024 0.000000 930.018433

 0.000000032000  -512 0.000000 51712.632812
 0.000000064000  -512 0.000000 51712.632812
 0.000000096000  -512 0.000000 51712.632812
 0.000000128000  -768 0.000000 51712.632812
 0.000000160000  -512 0.000000 51712.632812
 0.000000192000  -256 0.000000 51712.632812
 0.000000224000  1024 147.437576 51712.632812
 0.000000256000  2560 609.071411 51712.632812
 0.000000288000  4352 1516.379028 51712.632812
 0.000000320000  6912 3040.288086 51712.632812
 0.000000352000  9472 5256.576660 51712.632812
 0.000000384000  12032 8168.674805 51712.632812
 0.000000416000  14336 11692.042969 51712.632812
 0.000000448000  16384 15686.379883 51712.632812
 0.000000480000  18176 19982.285156 51712.632812
 0.000000512000  19200 24328.378906 51712.632812
 0.000000544000  19968 28507.451172 51712.632812
 0.000000576000  20224 32305.107422 51712.632812
 0.000000608000  19968 35524.355469 51712.632812
 0.000000640000  19456 38031.488281 51712.632812
 0.000000672000  18432 39710.046875 51712.632812
 0.000000704000  17152 40500.949219 51712.632812
 0.000000736000  15872 40426.558594 51712.632812
 0.000000768000  14592 39564.894531 51712.632812
 0.000000800000  13056 37990.625000 51712.632812
 0.000000832000  11520 35807.546875 51712.632812
 0.000000864000  9728 33095.597656 51712.632812
 0.000000896000  8192 29985.912109 51712.632812
 0.000000928000  6912 26636.175781 51712.632812
 0.000000960000  5632 23174.529297 51712.632812
 0.000000992000  4608 19735.974609 51712.632812
 0.000001024000  3584 16413.761719 51712.632812
 0.000001056000  2816 13301.932617 51712.632812
 0.000001088000  2304 10488.316406 51712.632812
 0.000001120000  1792 8013.191406 51712.632812
 0.000001152000  1280 5880.506348 51712.632812
 0.000001184000  1024 4105.243652 51712.632812
 0.000001216000  768 2672.205811 51712.632812
 0.000001248000  256 1509.211792 51712.632812
 0.000001280000  512 656.652832 51712.632812
 0.000001312000  256 46.858547 51712.632812
 0.000001344000  256 -348.363464 51712.632812
 0.000001376000  256 -564.280823 51712.632812
 0.000001408000  256 -638.596191 51712.632812
 0.000001440000  256 -608.010132 51712.632812
 0.000001472000  256 -505.876343 51712.632812
 0.000001504000  512 -323.935150 51712.632812
 0.000001536000  512 -98.984535 51712.632812
 0.000001568000  768 176.868271 51712.632812
 0.000001600000  512 431.788910 51712.632812
 0.000001632000  512 653.641479 51712.632812
 0.000001664000  512 836.274536 51712.632812
 0.000001696000  512 978.186951 51712.632812
 0.000001728000  512 1081.254761 51712.632812
 0.000001760000  512 1149.593384 51712.632812
 0.000001792000  768 1225.455688 51712.632812
 0.000001824000  768 1301.146118 51712.632812
 0.000001856000  768 1371.266602 51712.632812
 0.000001888000  512 1395.563843 51712.632812
 0.000001920000  256 1349.037109 51712.632812
 0.000001952000  768 1329.786743 51712.632812
 0.000001984000  512 1294.239014 51712.632812
 0.000002016000  256 1212.933594 51712.632812
 0.000002048000  256 1105.312012 51712.632812
 0.000002080000  256 986.936890 51712.632812
 0.000002112000  256 869.523621 51712.632812
 0.000002144000  256 761.239258 51712.632812
 0.000002176000  0 630.308899 51712.632812
 0.000002208000  -256 0.000000 51712.632812
 0.000002240000  -256 263.806244 51712.632812
 0.000002272000  -512 35.959576 51712.632812
 0.000002304000  -512 -200.532654 51712.632812
 0.000002336000  -512 -426.077698 51712.632812
 0.000002368000  -768 -664.548645 51712.632812
 0.000002400000  -768 -894.939270 51712.632812
 0.000002432000  -768 -1103.063110 51712.632812
 0.000002464000  -768 -1280.549438 51712.632812
 0.000002496000  -1024 0.000000 51712.632812
 0.000002528000  -1024 0.000000 51712.632812
 0.000002560000  -1024 0.000000 51712.632812
 0.000002592000  -1024 0.000000 51712.632812
 0.000002624000  -1024 0.000000 51712.632812
 0.000002656000  -1024 0.000000 51712.632812
 0.000002688000  -768 0.000000 51712.632812
 0.000002720000  -1024 0.000000 51712.632812
 0.000002752000  -1024 0.000000 51712.632812
 0.000002784000  -1024 0.000000 51712.632812

