 0.000000032000  -256 0.000000 4549.507812
 0.000000064000  -256 0.000000 4549.507812
 0.000000096000  -256 0.000000 4549.507812
 0.000000128000  0 0.000000 4549.507812
 0.000000160000  -256 0.000000 4549.507812
 0.000000192000  0 0.000000 4549.507812
 0.000000224000  256 36.859394 4549.507812
 0.000000256000  512 133.838165 4549.507812
 0.000000288000  768 302.960876 4549.507812
 0.000000320000  1280 584.346924 4549.507812
 0.000000352000  1536 961.260376 4549.507812
 0.000000384000  1792 1415.058228 4549.507812
 0.000000416000  2048 1927.098511 4549.507812
 0.000000448000  2304 2480.082764 4549.507812
 0.000000480000  2048 2985.182861 4549.507812
 0.000000512000  2304 3457.114990 4549.507812
 0.000000544000  2304 3871.753906 4549.507812
 0.000000576000  2304 4216.263672 4549.507812
 0.000000608000  1792 4412.949707 4549.507812
 0.000000640000  2048 4528.409668 4549.507812
 0.000000672000  1792 4541.593262 4549.507812
 0.000000704000  1536 4445.063965 4549.507812
 0.000000736000  1536 4278.351562 4549.507812
 0.000000768000  1024 4000.581543 4549.507812
 0.000000800000  1024 3664.730225 4549.507812
 0.000000832000  768 3275.364990 4549.507812
 0.000000864000  512 2839.548340 4549.507812
 0.000000896000  512 2402.449951 4549.507812
 0.000000928000  256 1959.058228 4549.507812
 0.000000960000  256 1543.162231 4549.507812
 0.000000992000  0 1139.678101 4549.507812
 0.000001024000  0 0.000000 4549.507812
 0.000001056000  -256 424.280853 4549.507812
 0.000001088000  -256 111.034592 4549.507812
 0.000001120000  -512 -190.901428 4549.507812
 0.000001152000  -256 -426.289856 4549.507812
 0.000001184000  -256 -597.947083 4549.507812
 0.000001216000  -256 -712.441101 4549.507812
 0.000001248000  -256 -778.504700 4549.507812
 0.000001280000  -256 -805.763977 4549.507812
 0.000001312000  -256 0.000000 4549.507812
 0.000001344000  -256 0.000000 4549.507812
 0.000001376000  -256 0.000000 4549.507812
 0.000001408000  -256 0.000000 4549.507812
 0.000001440000  -256 0.000000 4549.507812
 0.000001472000  -256 0.000000 4549.507812
 0.000001504000  -256 0.000000 4549.507812
 0.000001536000  -256 0.000000 4549.507812
 0.000001568000  -256 0.000000 4549.507812
 0.000001600000  -256 0.000000 4549.507812

 0.000000032000  0 0.000000 836.762329
 0.000000064000  256 0.000000 836.762329
 0.000000096000  256 0.000000 836.762329
 0.000000128000  256 0.000000 836.762329
 0.000000160000  0 0.000000 836.762329
 0.000000192000  0 0.000000 836.762329
 0.000000224000  256 36.859394 836.762329
 0.000000256000  256 96.978767 836.762329
 0.000000288000  256 169.122711 836.762329
 0.000000320000  256 244.526657 836.762329
 0.000000352000  256 316.794128 836.762329
 0.000000384000  256 381.653931 836.762329
 0.000000416000  256 436.636536 836.762329
 0.000000448000  256 480.716888 836.762329
 0.000000480000  256 513.959106 836.762329
 0.000000512000  256 537.188538 836.762329
 0.000000544000  512 588.565735 836.762329
 0.000000576000  512 656.033203 836.762329
 0.000000608000  512 729.955566 836.762329
 0.000000640000  512 803.094360 836.762329
 0.000000672000  256 833.557495 836.762329
 0.000000704000  256 831.824951 836.762329
 0.000000736000  256 807.582336 836.762329
 0.000000768000  256 769.259583 836.762329
 0.000000800000  256 723.796814 836.762329
 0.000000832000  256 676.587341 836.762329
 0.000000864000  256 631.548523 836.762329
 0.000000896000  256 591.278137 836.762329
 0.000000928000  0 520.399902 836.762329
 0.000000960000  0 0.000000 836.762329
 0.000000992000  0 340.555054 836.762329
 0.000001024000  -256 214.112167 836.762329
 0.000001056000  -256 72.944603 836.762329
 0.000001088000  -512 -105.271584 836.762329
 0.000001120000  -512 -296.704376 836.762329
 0.000001152000  -512 -483.647461 836.762329
 0.000001184000  -512 -653.975891 836.762329
 0.000001216000  -512 -800.361511 836.762329
 0.000001248000  -512 0.000000 836.762329
 0.000001280000  -512 0.000000 836.762329
 0.000001312000  -512 0.000000 836.762329
 0.000001344000  -768 0.000000 836.762329
 0.000001376000  -512 0.000000 836.762329
 0.000001408000  -512 0.000000 836.762329
 0.000001440000  -512 0.000000 836.762329
 0.000001472000  -512 0.000000 836.762329
 0.000001504000  -512 0.000000 836.762329
 0.000001536000  -512 0.000000 836.762329

 0.000000032000  -256 0.000000 2672.498047
 0.000000064000  -256 0.000000 2672.498047
 0.000000096000  -256 0.000000 2672.498047
 0.000000128000  -256 0.000000 2672.498047
 0.000000160000  -256 0.000000 2672.498047
 0.000000192000  0 0.000000 2672.498047
 0.000000224000  256 36.859394 2672.498047
 0.000000256000  512 133.838165 2672.498047
 0.000000288000  512 266.101471 2672.498047
 0.000000320000  512 413.649353 2672.498047
 0.000000352000  1024 635.039490 2672.498047
 0.000000384000  1280 929.264771 2672.498047
 0.000000416000  1280 1253.514282 2672.498047
 0.000000448000  1280 1575.528931 2672.498047
 0.000000480000  1280 1872.790161 2672.498047
 0.000000512000  1280 2131.248779 2672.498047
 0.000000544000  1280 2343.821045 2672.498047
 0.000000576000  1280 2508.830078 2672.498047
 0.000000608000  1280 2628.521484 2672.498047
 0.000000640000  1024 2670.876709 2672.498047
 0.000000672000  1024 2655.812744 2672.498047
 0.000000704000  1024 2601.465088 2672.498047
 0.000000736000  768 2486.552979 2672.498047
 0.000000768000  768 2337.334229 2672.498047
 0.000000800000  512 2137.879883 2672.498047
 0.000000832000  512 1917.466675 2672.498047
 0.000000864000  256 1661.327148 2672.498047
 0.000000896000  0 1361.650879 2672.498047
 0.000000928000  0 0.000000 2672.498047
 0.000000960000  0 760.103699 2672.498047
 0.000000992000  -256 462.648407 2672.498047
 0.000001024000  -256 183.360382 2672.498047
 0.000001056000  -256 -63.049141 2672.498047
 0.000001088000  -256 -268.604614 2672.498047
 0.000001120000  -256 -430.640015 2672.498047
 0.000001152000  -256 -550.414062 2672.498047
 0.000001184000  -256 -631.854187 2672.498047
 0.000001216000  -256 0.000000 2672.498047
 0.000001248000  -256 0.000000 2672.498047
 0.000001280000  -256 0.000000 2672.498047
 0.000001312000  -256 0.000000 2672.498047
 0.000001344000  -256 0.000000 2672.498047
 0.000001376000  -256 0.000000 2672.498047
 0.000001408000  -256 0.000000 2672.498047
 0.000001440000  -256 0.000000 2672.498047
 0.000001472000  -256 0.000000 2672.498047
 0.000001504000  -256 0.000000 2672.498047

 0.000000032000  -256 0.000000 9235.921875
 0.000000064000  -256 0.000000 9235.921875
 0.000000096000  -256 0.000000 9235.921875
 0.000000128000  -256 0.000000 9235.921875
 0.000000160000  -256 0.000000 9235.921875
 0.000000192000  0 0.000000 9235.921875
 0.000000224000  256 36.859394 9235.921875
 0.000000256000  512 133.838165 9235.921875
 0.000000288000  1280 376.679657 9235.921875
 0.000000320000  1792 778.304443 9235.921875
 0.000000352000  2304 1336.365356 9235.921875
 0.000000384000  3072 2074.809326 9235.921875
 0.000000416000  3584 2960.626465 9235.921875
 0.000000448000  3840 3923.141113 9235.921875
 0.000000480000  4352 4944.003418 9235.921875
 0.000000512000  4352 5932.393555 9235.921875
 0.000000544000  4864 6900.518555 9235.921875
 0.000000576000  4608 7747.840332 9235.921875
 0.000000608000  4608 8449.232422 9235.921875
 0.000000640000  4096 8923.819336 9235.921875
 0.000000672000  3840 9167.927734 9235.921875
 0.000000704000  3840 9232.427734 9235.921875
 0.000000736000  3328 9092.293945 9235.921875
 0.000000768000  2816 8744.664062 9235.921875
 0.000000800000  2560 8239.324219 9235.921875
 0.000000832000  2304 7622.628906 9235.921875
 0.000000864000  2048 6935.184082 9235.921875
 0.000000896000  1536 6173.770508 9235.921875
 0.000000928000  1280 5378.309570 9235.921875
 0.000000960000  1024 4579.318848 9235.921875
 0.000000992000  512 3761.647949 9235.921875
 0.000001024000  256 2952.849609 9235.921875
 0.000001056000  512 2245.374512 9235.921875
 0.000001088000  0 1586.346436 9235.921875
 0.000001120000  256 0.000000 9235.921875
 0.000001152000  -256 553.435303 9235.921875
 0.000001184000  0 167.525375 9235.921875
 0.000001216000  -256 -152.703339 9235.921875
 0.000001248000  -256 -403.702118 9235.921875
 0.000001280000  -512 -624.819458 9235.921875
 0.000001312000  -256 -772.151123 9235.921875
 0.000001344000  -256 -857.002258 9235.921875
 0.000001376000  -256 -891.818665 9235.921875
 0.000001408000  -256 0.000000 9235.921875
 0.000001440000  -256 0.000000 9235.921875
 0.000001472000  -256 0.000000 9235.921875
 0.000001504000  -256 0.000000 9235.921875
 0.000001536000  -256 0.000000 9235.921875
 0.000001568000  -256 0.000000 9235.921875
 0.000001600000  -256 0.000000 9235.921875
 0.000001632000  -256 0.000000 9235.921875
 0.000001664000  -256 0.000000 9235.921875
 0.000001696000  -256 0.000000 9235.921875

 0.000000032000  -256 0.000000 8186.859863
 0.000000064000  -512 0.000000 8186.859863
 0.000000096000  -512 0.000000 8186.859863
 0.000000128000  -256 0.000000 8186.859863
 0.000000160000  -256 0.000000 8186.859863
 0.000000192000  -256 0.000000 8186.859863
 0.000000224000  256 36.859394 8186.859863
 0.000000256000  256 96.978767 8186.859863
 0.000000288000  768 242.841507 8186.859863
 0.000000320000  1280 512.203003 8186.859863
 0.000000352000  1792 922.715881 8186.859863
 0.000000384000  2304 1476.628906 8186.859863
 0.000000416000  3072 2202.059082 8186.859863
 0.000000448000  3328 3032.707275 8186.859863
 0.000000480000  3584 3914.387451 8186.859863
 0.000000512000  4096 4842.191406 8186.859863
 0.000000544000  4096 5735.627441 8186.859863
 0.000000576000  4096 6540.582520 8186.859863
 0.000000608000  4096 7225.383789 8186.859863
 0.000000640000  3840 7739.552246 8186.859863
 0.000000672000  3584 8059.885254 8186.859863
 0.000000704000  3328 8184.024902 8186.859863
 0.000000736000  3072 8124.436035 8186.859863
 0.000000768000  2816 7903.109863 8186.859863
 0.000000800000  2304 7510.291016 8186.859863
 0.000000832000  2048 6988.326660 8186.859863
 0.000000864000  1792 6376.285645 8186.859863
 0.000000896000  1280 5671.259766 8186.859863
 0.000000928000  1280 4951.617676 8186.859863
 0.000000960000  768 4199.788574 8186.859863
 0.000000992000  512 3442.596680 8186.859863
 0.000001024000  0 2662.426514 8186.859863
 0.000001056000  256 0.000000 8186.859863
 0.000001088000  -256 1286.781616 8186.859863
 0.000001120000  0 721.461487 8186.859863
 0.000001152000  -256 235.222305 8186.859863
 0.000001184000  -256 -160.415176 8186.859863
 0.000001216000  -512 -500.733337 8186.859863
 0.000001248000  -512 -777.660095 8186.859863
 0.000001280000  -256 -953.224670 8186.859863
 0.000001312000  -512 -1081.748291 8186.859863
 0.000001344000  -512 0.000000 8186.859863
 0.000001376000  -256 0.000000 8186.859863
 0.000001408000  -256 0.000000 8186.859863
 0.000001440000  -256 0.000000 8186.859863
 0.000001472000  -256 0.000000 8186.859863
 0.000001504000  -256 0.000000 8186.859863
 0.000001536000  -256 0.000000 8186.859863
 0.000001568000  -256 0.000000 8186.859863
 0.000001600000  -256 0.000000 8186.859863
 0.000001632000  0 0.000000 8186.859863

 0.000000032000  -256 0.000000 5488.258789
 0.000000064000  -512 0.000000 5488.258789
 0.000000096000  -512 0.000000 5488.258789
 0.000000128000  -512 0.000000 5488.258789
 0.000000160000  -256 0.000000 5488.258789
 0.000000192000  0 0.000000 5488.258789
 0.000000224000  256 36.859394 5488.258789
 0.000000256000  512 133.838165 5488.258789
 0.000000288000  1024 339.820282 5488.258789
 0.000000320000  1280 644.466309 5488.258789
 0.000000352000  1536 1033.404297 5488.258789
 0.000000384000  2048 1527.321411 5488.258789
 0.000000416000  2560 2133.203857 5488.258789
 0.000000448000  2304 2737.324463 5488.258789
 0.000000480000  2816 3370.434082 5488.258789
 0.000000512000  2816 3978.346191 5488.258789
 0.000000544000  2560 4487.919922 5488.258789
 0.000000576000  2560 4891.673828 5488.258789
 0.000000608000  2560 5191.965332 5488.258789
 0.000000640000  2560 5397.899902 5488.258789
 0.000000672000  2304 5485.814453 5488.258789
 0.000000704000  2048 5447.567383 5488.258789
 0.000000736000  2048 5323.377441 5488.258789
 0.000000768000  1536 5073.988770 5488.258789
 0.000000800000  1280 4717.674316 5488.258789
 0.000000832000  1280 4311.839355 5488.258789
 0.000000864000  1024 3863.546143 5488.258789
 0.000000896000  512 3343.957764 5488.258789
 0.000000928000  512 2811.652100 5488.258789
 0.000000960000  256 2271.867188 5488.258789
 0.000000992000  256 1765.683960 5488.258789
 0.000001024000  0 1282.704956 5488.258789
 0.000001056000  0 0.000000 5488.258789
 0.000001088000  0 485.920288 5488.258789
 0.000001120000  -256 157.548447 5488.258789
 0.000001152000  -256 -121.510612 5488.258789
 0.000001184000  -256 -345.811249 5488.258789
 0.000001216000  -512 -552.326416 5488.258789
 0.000001248000  -512 -731.470459 5488.258789
 0.000001280000  -512 -878.474854 5488.258789
 0.000001312000  -512 -992.300903 5488.258789
 0.000001344000  -512 0.000000 5488.258789
 0.000001376000  -256 0.000000 5488.258789
 0.000001408000  -512 0.000000 5488.258789
 0.000001440000  -256 0.000000 5488.258789
 0.000001472000  -512 0.000000 5488.258789
 0.000001504000  -256 0.000000 5488.258789
 0.000001536000  -512 0.000000 5488.258789
 0.000001568000  -256 0.000000 5488.258789
 0.000001600000  -512 0.000000 5488.258789
 0.000001632000  -256 0.000000 5488.258789

 0.000000032000  0 0.000000 7182.874023
 0.000000064000  -256 0.000000 7182.874023
 0.000000096000  -256 0.000000 7182.874023
 0.000000128000  -256 0.000000 7182.874023
 0.000000160000  -256 0.000000 7182.874023
 0.000000192000  0 0.000000 7182.874023
 0.000000224000  256 36.859394 7182.874023
 0.000000256000  768 170.697556 7182.874023
 0.000000288000  1280 436.799011 7182.874023
 0.000000320000  1536 813.588989 7182.874023
 0.000000352000  2048 1314.790405 7182.874023
 0.000000384000  2560 1941.094482 7182.874023
 0.000000416000  2816 2647.121582 7182.874023
 0.000000448000  3328 3432.088135 7182.874023
 0.000000480000  3584 4252.900879 7182.874023
 0.000000512000  3584 5039.823730 7182.874023
 0.000000544000  3584 5746.269531 7182.874023
 0.000000576000  3584 6345.278809 7182.874023
 0.000000608000  3328 6788.773438 7182.874023
 0.000000640000  3072 7054.148438 7182.874023
 0.000000672000  3072 7175.193848 7182.874023
 0.000000704000  2816 7149.196777 7182.874023
 0.000000736000  2304 6947.976562 7182.874023
 0.000000768000  2048 6601.194824 7182.874023
 0.000000800000  1792 6140.182617 7182.874023
 0.000000832000  1536 5595.192383 7182.874023
 0.000000864000  1280 4993.537598 7182.874023
 0.000000896000  1024 4358.499512 7182.874023
 0.000000928000  768 3708.849854 7182.874023
 0.000000960000  512 3058.837158 7182.874023
 0.000000992000  256 2418.504883 7182.874023
 0.000001024000  256 1831.076172 7182.874023
 0.000001056000  0 1286.271118 7182.874023
 0.000001088000  0 0.000000 7182.874023
 0.000001120000  0 417.915985 7182.874023
 0.000001152000  0 111.721138 7182.874023
 0.000001184000  -256 -148.447495 7182.874023
 0.000001216000  -256 -357.528198 7182.874023
 0.000001248000  -256 -515.640259 7182.874023
 0.000001280000  -256 -626.536865 7182.874023
 0.000001312000  -512 -733.114990 7182.874023
 0.000001344000  -256 -792.125122 7182.874023
 0.000001376000  -256 0.000000 7182.874023
 0.000001408000  -512 0.000000 7182.874023
 0.000001440000  -256 0.000000 7182.874023
 0.000001472000  -256 0.000000 7182.874023
 0.000001504000  0 0.000000 7182.874023
 0.000001536000  -256 0.000000 7182.874023
 0.000001568000  -256 0.000000 7182.874023
 0.000001600000  -256 0.000000 7182.874023
 0.000001632000  0 0.000000 7182.874023
 0.000001664000  0 0.000000 7182.874023

 0.000000032000  -256 0.000000 23404.982422
 0.000000064000  -256 0.000000 23404.982422
 0.000000096000  -256 0.000000 23404.982422
 0.000000128000  0 0.000000 23404.982422
 0.000000160000  0 0.000000 23404.982422
 0.000000192000  0 0.000000 23404.982422
 0.000000224000  512 73.718788 23404.982422
 0.000000256000  1280 304.535706 23404.982422
 0.000000288000  2048 739.759827 23404.982422
 0.000000320000  3584 1508.514038 23404.982422
 0.000000352000  5120 2677.565186 23404.982422
 0.000000384000  6656 4265.035156 23404.982422
 0.000000416000  7936 6216.682617 23404.982422
 0.000000448000  9216 8468.156250 23404.982422
 0.000000480000  10240 10915.770508 23404.982422
 0.000000512000  11008 13435.651367 23404.982422
 0.000000544000  11264 15861.788086 23404.982422
 0.000000576000  11776 18121.078125 23404.982422
 0.000000608000  11520 20063.560547 23404.982422
 0.000000640000  11264 21606.613281 23404.982422
 0.000000672000  11008 22720.908203 23404.982422
 0.000000704000  9984 23306.115234 23404.982422
 0.000000736000  9216 23366.646484 23404.982422
 0.000000768000  8192 22906.513672 23404.982422
 0.000000800000  7424 22002.882812 23404.982422
 0.000000832000  6400 20705.070312 23404.982422
 0.000000864000  5632 19112.988281 23404.982422
 0.000000896000  4608 17281.203125 23404.982422
 0.000000928000  3840 15302.189453 23404.982422
 0.000000960000  3072 13251.561523 23404.982422
 0.000000992000  2304 11187.635742 23404.982422
 0.000001024000  1792 9189.226562 23404.982422
 0.000001056000  1280 7307.026367 23404.982422
 0.000001088000  1024 5605.166992 23404.982422
 0.000001120000  512 4078.893799 23404.982422
 0.000001152000  512 2785.942383 23404.982422
 0.000001184000  256 1713.246338 23404.982422
 0.000001216000  256 872.622314 23404.982422
 0.000001248000  0 218.811447 23404.982422
 0.000001280000  0 0.000000 23404.982422
 0.000001312000  0 -572.349670 23404.982422
 0.000001344000  0 -753.133362 23404.982422
 0.000001376000  0 -826.012207 23404.982422
 0.000001408000  0 -817.783325 23404.982422
 0.000001440000  0 -753.125122 23404.982422
 0.000001472000  0 -653.449646 23404.982422
 0.000001504000  0 -536.331604 23404.982422
 0.000001536000  256 -378.522827 23404.982422
 0.000001568000  256 0.000000 23404.982422
 0.000001600000  256 0.000000 23404.982422
 0.000001632000  0 0.000000 23404.982422
 0.000001664000  256 0.000000 23404.982422
 0.000001696000  256 0.000000 23404.982422
 0.000001728000  256 0.000000 23404.982422
 0.000001760000  0 0.000000 23404.982422
 0.000001792000  0 0.000000 23404.982422
 0.000001824000  0 0.000000 23404.982422
 0.000001856000  0 0.000000 23404.982422

 0.000000032000  -256 0.000000 2793.676514
 0.000000064000  -256 0.000000 2793.676514
 0.000000096000  -256 0.000000 2793.676514
 0.000000128000  -256 0.000000 2793.676514
 0.000000160000  -256 0.000000 2793.676514
 0.000000192000  0 0.000000 2793.676514
 0.000000224000  256 36.859394 2793.676514
 0.000000256000  512 133.838165 2793.676514
 0.000000288000  768 302.960876 2793.676514
 0.000000320000  768 510.628174 2793.676514
 0.000000352000  1024 767.302917 2793.676514
 0.000000384000  1024 1039.953491 2793.676514
 0.000000416000  1280 1341.066650 2793.676514
 0.000000448000  1280 1640.512695 2793.676514
 0.000000480000  1536 1954.088623 2793.676514
 0.000000512000  1280 2218.164307 2793.676514
 0.000000544000  1280 2428.428467 2793.676514
 0.000000576000  1280 2585.723877 2793.676514
 0.000000608000  1280 2694.456299 2793.676514
 0.000000640000  1280 2761.219971 2793.676514
 0.000000672000  1280 2793.671631 2793.676514
 0.000000704000  1024 2762.804443 2793.676514
 0.000000736000  768 2652.784912 2793.676514
 0.000000768000  512 2458.179199 2793.676514
 0.000000800000  512 2218.115967 2793.676514
 0.000000832000  256 1926.517700 2793.676514
 0.000000864000  256 1619.680786 2793.676514
 0.000000896000  256 1324.220093 2793.676514
 0.000000928000  0 1021.168335 2793.676514
 0.000000960000  -256 0.000000 2793.676514
 0.000000992000  0 420.122681 2793.676514
 0.000001024000  0 194.704132 2793.676514
 0.000001056000  0 22.209576 2793.676514
 0.000001088000  -256 -137.518784 2793.676514
 0.000001120000  0 -239.913635 2793.676514
 0.000001152000  -256 -331.488800 2793.676514
 0.000001184000  -256 -408.864746 2793.676514
 0.000001216000  -256 -470.687714 2793.676514
 0.000001248000  -512 0.000000 2793.676514
 0.000001280000  -256 0.000000 2793.676514
 0.000001312000  -256 0.000000 2793.676514
 0.000001344000  0 0.000000 2793.676514
 0.000001376000  -256 0.000000 2793.676514
 0.000001408000  -256 0.000000 2793.676514
 0.000001440000  -256 0.000000 2793.676514
 0.000001472000  -256 0.000000 2793.676514
 0.000001504000  -256 0.000000 2793.676514
 0.000001536000  0 0.000000 2793.676514

 0.000000032000  -256 0.000000 3016.994141
 0.000000064000  -256 0.000000 3016.994141
 0.000000096000  -256 0.000000 3016.994141
 0.000000128000  -256 0.000000 3016.994141
 0.000000160000  -256 0.000000 3016.994141
 0.000000192000  0 0.000000 3016.994141
 0.000000224000  256 36.859394 3016.994141
 0.000000256000  256 96.978767 3016.994141
 0.000000288000  512 205.982101 3016.994141
 0.000000320000  1024 415.224213 3016.994141
 0.000000352000  1024 679.874390 3016.994141
 0.000000384000  1280 1001.285461 3016.994141
 0.000000416000  1280 1339.462769 3016.994141
 0.000000448000  1536 1701.940918 3016.994141
 0.000000480000  1536 2055.408203 3016.994141
 0.000000512000  1280 2340.234863 3016.994141
 0.000000544000  1280 2556.299805 3016.994141
 0.000000576000  1536 2745.327393 3016.994141
 0.000000608000  1536 2901.738525 3016.994141
 0.000000640000  1280 2987.099609 3016.994141
 0.000000672000  1280 3016.364502 3016.994141
 0.000000704000  1024 2967.225342 3016.994141
 0.000000736000  768 2829.642822 3016.994141
 0.000000768000  768 2639.786377 3016.994141
 0.000000800000  512 2389.988281 3016.994141
 0.000000832000  512 2116.031982 3016.994141
 0.000000864000  256 1807.954590 3016.994141
 0.000000896000  256 1498.067749 3016.994141
 0.000000928000  0 1172.358398 3016.994141
 0.000000960000  -256 0.000000 3016.994141
 0.000000992000  -256 479.834930 3016.994141
 0.000001024000  -256 167.796860 3016.994141
 0.000001056000  -256 -100.516747 3016.994141
 0.000001088000  -256 -318.774261 3016.994141
 0.000001120000  -512 -522.987305 3016.994141
 0.000001152000  -512 -702.625000 3016.994141
 0.000001184000  -256 -815.193665 3016.994141
 0.000001216000  -512 -909.365845 3016.994141
 0.000001248000  -256 0.000000 3016.994141
 0.000001280000  -256 0.000000 3016.994141
 0.000001312000  -256 0.000000 3016.994141
 0.000001344000  -256 0.000000 3016.994141
 0.000001376000  -256 0.000000 3016.994141
 0.000001408000  -256 0.000000 3016.994141
 0.000001440000  -256 0.000000 3016.994141
 0.000001472000  -512 0.000000 3016.994141
 0.000001504000  -256 0.000000 3016.994141
 0.000001536000  -256 0.000000 3016.994141

 0.000000032000  -512 0.000000 4550.745117
 0.000000064000  -256 0.000000 4550.745117
 0.000000096000  -256 0.000000 4550.745117
 0.000000128000  -256 0.000000 4550.745117
 0.000000160000  -256 0.000000 4550.745117
 0.000000192000  0 0.000000 4550.745117
 0.000000224000  256 36.859394 4550.745117
 0.000000256000  512 133.838165 4550.745117
 0.000000288000  768 302.960876 4550.745117
 0.000000320000  1280 584.346924 4550.745117
 0.000000352000  1536 961.260376 4550.745117
 0.000000384000  1792 1415.058228 4550.745117
 0.000000416000  2048 1927.098511 4550.745117
 0.000000448000  2048 2443.223389 4550.745117
 0.000000480000  2304 2961.922852 4550.745117
 0.000000512000  2304 3445.090576 4550.745117
 0.000000544000  2304 3868.494629 4550.745117
 0.000000576000  2048 4182.541504 4550.745117
 0.000000608000  2048 4397.097656 4550.745117
 0.000000640000  2048 4526.262207 4550.745117
 0.000000672000  1792 4549.234863 4550.745117
 0.000000704000  1792 4495.896973 4550.745117
 0.000000736000  1280 4319.031250 4550.745117
 0.000000768000  1280 4068.053955 4550.745117
 0.000000800000  1024 3746.181641 4550.745117
 0.000000832000  768 3360.780273 4550.745117
 0.000000864000  512 2921.601807 4550.745117
 0.000000896000  512 2476.232666 4550.745117
 0.000000928000  256 2021.714478 4550.745117
 0.000000960000  256 1593.485474 4550.745117
 0.000000992000  0 1177.708130 4550.745117
 0.000001024000  0 0.000000 4550.745117
 0.000001056000  -256 441.010895 4550.745117
 0.000001088000  -256 119.586441 4550.745117
 0.000001120000  -512 -188.714813 4550.745117
 0.000001152000  -256 -428.735657 4550.745117
 0.000001184000  -512 -640.332886 4550.745117
 0.000001216000  -256 -779.854736 4550.745117
 0.000001248000  -512 -895.520020 4550.745117
 0.000001280000  -256 -949.226929 4550.745117
 0.000001312000  -256 0.000000 4550.745117
 0.000001344000  -256 0.000000 4550.745117
 0.000001376000  -256 0.000000 4550.745117
 0.000001408000  -256 0.000000 4550.745117
 0.000001440000  -256 0.000000 4550.745117
 0.000001472000  0 0.000000 4550.745117
 0.000001504000  -256 0.000000 4550.745117
 0.000001536000  -256 0.000000 4550.745117
 0.000001568000  -512 0.000000 4550.745117
 0.000001600000  -256 0.000000 4550.745117

 0.000000032000  -768 0.000000 7706.685547
 0.000000064000  -768 0.000000 7706.685547
 0.000000096000  -512 0.000000 7706.685547
 0.000000128000  -512 0.000000 7706.685547
 0.000000160000  -256 0.000000 7706.685547
 0.000000192000  0 0.000000 7706.685547
 0.000000224000  512 73.718788 7706.685547
 0.000000256000  1024 267.676331 7706.685547
 0.000000288000  1536 605.921753 7706.685547
 0.000000320000  2304 1131.834473 7706.685547
 0.000000352000  2816 1825.541992 7706.685547
 0.000000384000  3072 2624.134521 7706.685547
 0.000000416000  3584 3512.692139 7706.685547
 0.000000448000  3584 4400.530273 7706.685547
 0.000000480000  3840 5260.806152 7706.685547
 0.000000512000  3840 6039.771973 7706.685547
 0.000000544000  3840 6705.495117 7706.685547
 0.000000576000  3584 7206.819336 7706.685547
 0.000000608000  3584 7556.474121 7706.685547
 0.000000640000  3072 7700.608398 7706.685547
 0.000000672000  2816 7653.018555 7706.685547
 0.000000704000  2304 7400.347656 7706.685547
 0.000000736000  2048 6984.827148 7706.685547
 0.000000768000  1536 6411.011719 7706.685547
 0.000000800000  1536 5767.219238 7706.685547
 0.000000832000  1024 5046.859375 7706.685547
 0.000000864000  512 4250.810059 7706.685547
 0.000000896000  512 3458.856689 7706.685547
 0.000000928000  0 2653.077393 7706.685547
 0.000000960000  0 0.000000 7706.685547
 0.000000992000  -256 1189.718384 7706.685547
 0.000001024000  -256 570.958069 7706.685547
 0.000001056000  -256 57.983337 7706.685547
 0.000001088000  -512 -380.549988 7706.685547
 0.000001120000  -512 -735.177795 7706.685547
 0.000001152000  -768 -1042.146240 7706.685547
 0.000001184000  -768 -1293.509399 7706.685547
 0.000001216000  -768 -1487.684204 7706.685547
 0.000001248000  -768 0.000000 7706.685547
 0.000001280000  -768 0.000000 7706.685547
 0.000001312000  -768 0.000000 7706.685547
 0.000001344000  -768 0.000000 7706.685547
 0.000001376000  -768 0.000000 7706.685547
 0.000001408000  -768 0.000000 7706.685547
 0.000001440000  -768 0.000000 7706.685547
 0.000001472000  -768 0.000000 7706.685547
 0.000001504000  -768 0.000000 7706.685547
 0.000001536000  -768 0.000000 7706.685547

