 0.000000032000  -768 0.000000 3722.463379
 0.000000064000  -512 0.000000 3722.463379
 0.000000096000  -512 0.000000 3722.463379
 0.000000128000  -512 0.000000 3722.463379
 0.000000160000  -256 0.000000 3722.463379
 0.000000192000  0 0.000000 3722.463379
 0.000000224000  512 73.718788 3722.463379
 0.000000256000  768 230.816925 3722.463379
 0.000000288000  1024 472.083557 3722.463379
 0.000000320000  1280 792.014221 3722.463379
 0.000000352000  1536 1181.075806 3722.463379
 0.000000384000  1792 1627.589478 3722.463379
 0.000000416000  2048 2119.208496 3722.463379
 0.000000448000  1792 2570.286621 3722.463379
 0.000000480000  1792 2960.389404 3722.463379
 0.000000512000  1792 3279.540527 3722.463379
 0.000000544000  1792 3525.833984 3722.463379
 0.000000576000  1536 3666.315430 3722.463379
 0.000000608000  1536 3722.293945 3722.463379
 0.000000640000  1280 3677.973877 3722.463379
 0.000000672000  1280 3566.331055 3722.463379
 0.000000704000  768 3341.676270 3722.463379
 0.000000736000  768 3053.742920 3722.463379
 0.000000768000  512 2705.191895 3722.463379
 0.000000800000  256 2302.257568 3722.463379
 0.000000832000  0 1853.238037 3722.463379
 0.000000864000  0 0.000000 3722.463379
 0.000000896000  -256 950.469604 3722.463379
 0.000000928000  -512 489.375366 3722.463379
 0.000000960000  -256 93.118958 3722.463379
 0.000000992000  -768 -302.745911 3722.463379
 0.000001024000  -512 -632.977356 3722.463379
 0.000001056000  -512 -893.292480 3722.463379
 0.000001088000  -512 -1085.713501 3722.463379
 0.000001120000  -768 -1253.409180 3722.463379
 0.000001152000  -768 0.000000 3722.463379
 0.000001184000  -768 0.000000 3722.463379
 0.000001216000  -768 0.000000 3722.463379
 0.000001248000  -768 0.000000 3722.463379
 0.000001280000  -768 0.000000 3722.463379
 0.000001312000  -768 0.000000 3722.463379
 0.000001344000  -768 0.000000 3722.463379
 0.000001376000  -768 0.000000 3722.463379
 0.000001408000  -512 0.000000 3722.463379
 0.000001440000  -768 0.000000 3722.463379

 0.000000032000  -1024 0.000000 128894.203125
 0.000000064000  -768 0.000000 128894.203125
 0.000000096000  -768 0.000000 128894.203125
 0.000000128000  -768 0.000000 128894.203125
 0.000000160000  -768 0.000000 128894.203125
 0.000000192000  -768 0.000000 128894.203125
 0.000000224000  256 36.859394 128894.203125
 0.000000256000  1024 207.556946 128894.203125
 0.000000288000  2816 718.074707 128894.203125
 0.000000320000  5376 1799.339966 128894.203125
 0.000000352000  8192 3609.473877 128894.203125
 0.000000384000  11264 6244.028809 128894.203125
 0.000000416000  14592 9747.690430 128894.203125
 0.000000448000  17152 13978.727539 128894.203125
 0.000000480000  19968 18821.994141 128894.203125
 0.000000512000  21760 24005.025391 128894.203125
 0.000000544000  23296 29274.949219 128894.203125
 0.000000576000  24064 34337.152344 128894.203125
 0.000000608000  24320 38925.746094 128894.203125
 0.000000640000  23808 42777.316406 128894.203125
 0.000000672000  23296 45759.734375 128894.203125
 0.000000704000  22016 47732.101562 128894.203125
 0.000000736000  20224 48594.359375 128894.203125
 0.000000768000  18432 48356.082031 128894.203125
 0.000000800000  16640 47103.226562 128894.203125
 0.000000832000  14848 44969.261719 128894.203125
 0.000000864000  12800 42074.589844 128894.203125
 0.000000896000  11008 38595.492188 128894.203125
 0.000000928000  9216 34697.968750 128894.203125
 0.000000960000  7680 30565.707031 128894.203125
 0.000000992000  6144 26344.744141 128894.203125
 0.000001024000  4864 22180.996094 128894.203125
 0.000001056000  3840 18209.785156 128894.203125
 0.000001088000  2816 14512.387695 128894.203125
 0.000001120000  2048 11163.093750 128894.203125
 0.000001152000  1280 8189.070801 128894.203125
 0.000001184000  768 5619.261719 128894.203125
 0.000001216000  512 3481.772705 128894.203125
 0.000001248000  256 1765.241821 128894.203125
 0.000001280000  0 431.375427 128894.203125
 0.000001312000  0 0.000000 128894.203125
 0.000001344000  0 -1179.858032 128894.203125
 0.000001376000  -256 -1583.423828 128894.203125
 0.000001408000  0 -1753.153320 128894.203125
 0.000001440000  0 -1746.268188 128894.203125
 0.000001472000  0 -1615.711914 128894.203125
 0.000001504000  256 -1370.749878 128894.203125
 0.000001536000  256 -1062.991455 128894.203125
 0.000001568000  256 -733.240662 128894.203125
 0.000001600000  256 0.000000 128894.203125
 0.000001632000  256 0.000000 128894.203125
 0.000001664000  256 0.000000 128894.203125
 0.000001696000  256 0.000000 128894.203125
 0.000001728000  512 0.000000 128894.203125
 0.000001760000  256 0.000000 128894.203125
 0.000001792000  256 0.000000 128894.203125
 0.000001824000  512 0.000000 128894.203125
 0.000001856000  256 0.000000 128894.203125
 0.000001888000  256 0.000000 128894.203125

 0.000000032000  256 0.000000 560.840271
 0.000000064000  0 0.000000 560.840271
 0.000000096000  256 0.000000 560.840271
 0.000000128000  256 0.000000 560.840271
 0.000000160000  256 0.000000 560.840271
 0.000000192000  0 0.000000 560.840271
 0.000000224000  256 36.859394 560.840271
 0.000000256000  256 96.978767 560.840271
 0.000000288000  256 169.122711 560.840271
 0.000000320000  256 244.526657 560.840271
 0.000000352000  256 316.794128 560.840271
 0.000000384000  256 381.653931 560.840271
 0.000000416000  256 436.636536 560.840271
 0.000000448000  256 480.716888 560.840271
 0.000000480000  256 513.959106 560.840271
 0.000000512000  256 537.188538 560.840271
 0.000000544000  256 551.706360 560.840271
 0.000000576000  256 559.054443 560.840271
 0.000000608000  256 560.832947 560.840271
 0.000000640000  256 558.567749 560.840271
 0.000000672000  256 553.622803 560.840271
 0.000000704000  0 510.290466 560.840271
 0.000000736000  256 0.000000 560.840271
 0.000000768000  256 460.925720 560.840271
 0.000000800000  256 451.228333 560.840271
 0.000000832000  256 448.785706 560.840271
 0.000000864000  256 451.619263 560.840271
 0.000000896000  256 457.958252 560.840271
 0.000000928000  256 466.305298 560.840271
 0.000000960000  0 438.603790 560.840271
 0.000000992000  256 424.412476 560.840271
 0.000001024000  0 0.000000 560.840271
 0.000001056000  256 0.000000 560.840271
 0.000001088000  0 0.000000 560.840271
 0.000001120000  256 0.000000 560.840271
 0.000001152000  256 0.000000 560.840271
 0.000001184000  256 0.000000 560.840271
 0.000001216000  0 0.000000 560.840271
 0.000001248000  256 0.000000 560.840271
 0.000001280000  256 0.000000 560.840271
 0.000001312000  256 0.000000 560.840271

 0.000000032000  256 0.000000 631.347351
 0.000000064000  256 0.000000 631.347351
 0.000000096000  256 0.000000 631.347351
 0.000000128000  256 0.000000 631.347351
 0.000000160000  256 0.000000 631.347351
 0.000000192000  0 0.000000 631.347351
 0.000000224000  256 36.859394 631.347351
 0.000000256000  256 96.978767 631.347351
 0.000000288000  256 169.122711 631.347351
 0.000000320000  256 244.526657 631.347351
 0.000000352000  256 316.794128 631.347351
 0.000000384000  256 381.653931 631.347351
 0.000000416000  256 436.636536 631.347351
 0.000000448000  512 517.576294 631.347351
 0.000000480000  256 574.078491 631.347351
 0.000000512000  256 609.332520 631.347351
 0.000000544000  256 627.110291 631.347351
 0.000000576000  256 631.321838 631.347351
 0.000000608000  256 625.692627 631.347351
 0.000000640000  256 613.550171 631.347351
 0.000000672000  256 597.702881 631.347351
 0.000000704000  256 580.391846 631.347351
 0.000000736000  0 526.438538 631.347351
 0.000000768000  512 0.000000 631.347351
 0.000000800000  256 521.955505 631.347351
 0.000000832000  256 519.571411 631.347351
 0.000000864000  0 480.490875 631.347351
 0.000000896000  256 455.284180 631.347351
 0.000000928000  0 404.786560 631.347351
 0.000000960000  256 377.003235 631.347351
 0.000000992000  256 367.189087 631.347351
 0.000001024000  256 370.714508 631.347351
 0.000001056000  0 0.000000 631.347351
 0.000001088000  256 0.000000 631.347351
 0.000001120000  256 0.000000 631.347351
 0.000001152000  0 0.000000 631.347351
 0.000001184000  0 0.000000 631.347351
 0.000001216000  256 0.000000 631.347351
 0.000001248000  256 0.000000 631.347351
 0.000001280000  0 0.000000 631.347351
 0.000001312000  256 0.000000 631.347351
 0.000001344000  256 0.000000 631.347351

 0.000000032000  256 0.000000 724.528992
 0.000000064000  256 0.000000 724.528992
 0.000000096000  256 0.000000 724.528992
 0.000000128000  512 0.000000 724.528992
 0.000000160000  256 0.000000 724.528992
 0.000000192000  0 0.000000 724.528992
 0.000000224000  256 36.859394 724.528992
 0.000000256000  512 133.838165 724.528992
 0.000000288000  256 229.242096 724.528992
 0.000000320000  256 316.670624 724.528992
 0.000000352000  256 392.198090 724.528992
 0.000000384000  256 453.921387 724.528992
 0.000000416000  256 501.496277 724.528992
 0.000000448000  512 572.558777 724.528992
 0.000000480000  512 655.018066 724.528992
 0.000000512000  256 702.693970 724.528992
 0.000000544000  256 722.483704 724.528992
 0.000000576000  256 721.243652 724.528992
 0.000000608000  256 705.308228 724.528992
 0.000000640000  256 680.188538 724.528992
 0.000000672000  256 650.420410 724.528992
 0.000000704000  256 619.527283 724.528992
 0.000000736000  256 590.067261 724.528992
 0.000000768000  256 563.735596 724.528992
 0.000000800000  0 504.639587 724.528992
 0.000000832000  256 0.000000 724.528992
 0.000000864000  256 438.269135 724.528992
 0.000000896000  0 388.893188 724.528992
 0.000000928000  256 363.042633 724.528992
 0.000000960000  256 355.592316 724.528992
 0.000000992000  0 324.755005 724.528992
 0.000001024000  0 279.695770 724.528992
 0.000001056000  256 264.741272 724.528992
 0.000001088000  256 272.028107 724.528992
 0.000001120000  256 0.000000 724.528992
 0.000001152000  0 0.000000 724.528992
 0.000001184000  256 0.000000 724.528992
 0.000001216000  0 0.000000 724.528992
 0.000001248000  0 0.000000 724.528992
 0.000001280000  0 0.000000 724.528992
 0.000001312000  256 0.000000 724.528992
 0.000001344000  256 0.000000 724.528992
 0.000001376000  0 0.000000 724.528992
 0.000001408000  256 0.000000 724.528992

 0.000000032000  -512 0.000000 2065.973633
 0.000000064000  -512 0.000000 2065.973633
 0.000000096000  -512 0.000000 2065.973633
 0.000000128000  -256 0.000000 2065.973633
 0.000000160000  0 0.000000 2065.973633
 0.000000192000  0 0.000000 2065.973633
 0.000000224000  512 73.718788 2065.973633
 0.000000256000  512 193.957535 2065.973633
 0.000000288000  768 375.104828 2065.973633
 0.000000320000  1024 622.891479 2065.973633
 0.000000352000  1024 899.689697 2065.973633
 0.000000384000  1024 1176.957031 2065.973633
 0.000000416000  1024 1434.593628 2065.973633
 0.000000448000  1024 1659.881470 2065.973633
 0.000000480000  1024 1846.208374 2065.973633
 0.000000512000  768 1954.870972 2065.973633
 0.000000544000  1024 2037.969360 2065.973633
 0.000000576000  768 2060.253174 2065.973633
 0.000000608000  256 1964.459106 2065.973633
 0.000000640000  256 1792.548340 2065.973633
 0.000000672000  256 1579.500610 2065.973633
 0.000000704000  0 1316.010376 2065.973633
 0.000000736000  -256 0.000000 2065.973633
 0.000000768000  0 704.482727 2065.973633
 0.000000800000  -256 409.733185 2065.973633
 0.000000832000  -512 99.297417 2065.973633
 0.000000864000  -512 -199.817749 2065.973633
 0.000000896000  -512 -469.440521 2065.973633
 0.000000928000  -512 -698.918579 2065.973633
 0.000000960000  -768 -920.512512 2065.973633
 0.000000992000  -512 -1083.751465 2065.973633
 0.000001024000  -768 0.000000 2065.973633
 0.000001056000  -768 0.000000 2065.973633
 0.000001088000  -768 0.000000 2065.973633
 0.000001120000  -768 0.000000 2065.973633
 0.000001152000  -768 0.000000 2065.973633
 0.000001184000  -768 0.000000 2065.973633
 0.000001216000  -512 0.000000 2065.973633
 0.000001248000  -768 0.000000 2065.973633
 0.000001280000  -512 0.000000 2065.973633
 0.000001312000  -512 0.000000 2065.973633

 0.000000032000  0 0.000000 636.238647
 0.000000064000  256 0.000000 636.238647
 0.000000096000  256 0.000000 636.238647
 0.000000128000  0 0.000000 636.238647
 0.000000160000  0 0.000000 636.238647
 0.000000192000  0 0.000000 636.238647
 0.000000224000  256 36.859394 636.238647
 0.000000256000  256 96.978767 636.238647
 0.000000288000  256 169.122711 636.238647
 0.000000320000  256 244.526657 636.238647
 0.000000352000  256 316.794128 636.238647
 0.000000384000  256 381.653931 636.238647
 0.000000416000  256 436.636536 636.238647
 0.000000448000  256 480.716888 636.238647
 0.000000480000  256 513.959106 636.238647
 0.000000512000  512 574.047974 636.238647
 0.000000544000  256 611.825806 636.238647
 0.000000576000  256 631.198547 636.238647
 0.000000608000  256 636.237061 636.238647
 0.000000640000  256 630.835327 636.238647
 0.000000672000  0 581.623291 636.238647
 0.000000704000  256 0.000000 636.238647
 0.000000736000  0 475.145599 636.238647
 0.000000768000  0 393.929077 636.238647
 0.000000800000  0 308.471527 636.238647
 0.000000832000  0 226.184525 636.238647
 0.000000864000  0 152.050461 636.238647
 0.000000896000  0 88.985199 636.238647
 0.000000928000  0 38.241844 636.238647
 0.000000960000  0 -0.185685 636.238647
 0.000000992000  0 0.000000 636.238647
 0.000001024000  0 0.000000 636.238647
 0.000001056000  0 0.000000 636.238647
 0.000001088000  0 0.000000 636.238647
 0.000001120000  0 0.000000 636.238647
 0.000001152000  0 0.000000 636.238647
 0.000001184000  256 0.000000 636.238647
 0.000001216000  256 0.000000 636.238647
 0.000001248000  256 0.000000 636.238647
 0.000001280000  256 0.000000 636.238647

 0.000000032000  -1024 0.000000 4268.115723
 0.000000064000  -1024 0.000000 4268.115723
 0.000000096000  -768 0.000000 4268.115723
 0.000000128000  -512 0.000000 4268.115723
 0.000000160000  -256 0.000000 4268.115723
 0.000000192000  0 0.000000 4268.115723
 0.000000224000  256 36.859394 4268.115723
 0.000000256000  1024 207.556946 4268.115723
 0.000000288000  1280 496.918365 4268.115723
 0.000000320000  1536 885.732849 4268.115723
 0.000000352000  1792 1353.334839 4268.115723
 0.000000384000  2048 1879.523682 4268.115723
 0.000000416000  2048 2409.020264 4268.115723
 0.000000448000  2048 2902.723633 4268.115723
 0.000000480000  2304 3372.580322 4268.115723
 0.000000512000  2304 3791.846191 4268.115723
 0.000000544000  1792 4071.642578 4268.115723
 0.000000576000  1792 4233.243652 4268.115723
 0.000000608000  1536 4263.256348 4268.115723
 0.000000640000  1280 4161.737305 4268.115723
 0.000000672000  1024 3938.195557 4268.115723
 0.000000704000  1024 3644.960449 4268.115723
 0.000000736000  512 3250.119629 4268.115723
 0.000000768000  512 2812.271484 4268.115723
 0.000000800000  0 2301.989990 4268.115723
 0.000000832000  0 0.000000 4268.115723
 0.000000864000  -256 1243.974365 4268.115723
 0.000000896000  -512 705.597839 4268.115723
 0.000000928000  -512 202.583664 4268.115723
 0.000000960000  -512 -239.356964 4268.115723
 0.000000992000  -768 -643.404236 4268.115723
 0.000001024000  -1024 -1028.582642 4268.115723
 0.000001056000  -768 -1335.906860 4268.115723
 0.000001088000  -768 -1566.372192 4268.115723
 0.000001120000  -1024 0.000000 4268.115723
 0.000001152000  -1024 0.000000 4268.115723
 0.000001184000  -768 0.000000 4268.115723
 0.000001216000  -1024 0.000000 4268.115723
 0.000001248000  -1024 0.000000 4268.115723
 0.000001280000  -768 0.000000 4268.115723
 0.000001312000  -1024 0.000000 4268.115723
 0.000001344000  -1024 0.000000 4268.115723
 0.000001376000  -1024 0.000000 4268.115723
 0.000001408000  -1024 0.000000 4268.115723

