   5.000000               8           0           0           0
   10.00000               6           0           0           0
   15.00000              11           0           0           0
   20.00000              11           0           0           0
   25.00000              12           0           0           0
   30.00000              13           0           0           0
   35.00000              18           0           0           0
   40.00000              34           0           0           0
   45.00000              27           0           0           0
   50.00000              47           0           0           0
   55.00000              83           0           0           0
   60.00000             155           0           0           0
   65.00000             351           0           0           0
   70.00000            3810           0           0           0
   75.00000          275850           0           0           0
   80.00000          359840           0           0           0
   85.00000          306580           0           0           0
   90.00000          247796           0           0           0
   95.00000          107552           0           0           0
   100.0000           75630           0           0           0
   105.0000           85179           0           0           0
   110.0000           74359           0           0           0
   115.0000           60948           0           0           0
   120.0000           64582           0           0           0
   125.0000           75678           0           0           0
   130.0000           92958           0           0           0
   135.0000          167128           0           0           0
   140.0000          276877           0           0           0
   145.0000          250045           0           0           0
   150.0000          182784           0           0           0
   155.0000          138870           0           0           0
   160.0000           76229           0           0           0
   165.0000           59032           0           0           0
   170.0000           69208           0           0           0
   175.0000           74149           0           0           0
   180.0000           60713           0           0           0
   185.0000           50275           0           0           0
   190.0000           43254           0           0           0
   195.0000           29217           0           0           0
   200.0000           27453           0           0           0
   205.0000           28120           0           0           0
   210.0000           24667           0           0           0
   215.0000           22154           0           0           0
   220.0000           23183           0           0           0
   225.0000           22170           0           0           0
   230.0000           24194           0           0           0
   235.0000           33422           0           0           0
   240.0000           41434           0           0           0
   245.0000           41828           0           0           0
   250.0000           42309           0           0           0
   255.0000           38915           0           0           0
   260.0000           30660           0           0           0
   265.0000           26111           0           0           0
   270.0000           25911           0           0           0
   275.0000           23062           0           0           0
   280.0000           22463           0           0           0
   285.0000           23069           0           0           0
   290.0000           20627           0           0           0
   295.0000           18914           0           0           0
   300.0000           20137           0           0           0
   305.0000           22742           0           0           0
   310.0000           26985           0           0           0
   315.0000           40237           0           0           0
   320.0000           59448           0           0           0
   325.0000           71925           0           0           0
   330.0000           88604           0           0           0
   335.0000          101203           0           0           0
   340.0000           84134           0           0           0
   345.0000           63958           0           0           0
   350.0000           48686           0           0           0
   355.0000           32212           0           0           0
   360.0000           21486           0           0           0
   365.0000           18749           0           0           0
   370.0000           16467           0           0           0
   375.0000           14245           0           0           0
   380.0000           15859           0           0           0
   385.0000           17177           0           0           0
   390.0000           16164           0           0           0
   395.0000           15959           0           0           0
   400.0000           16049           0           0           0
   405.0000           14510           0           0           0
   410.0000           15032           0           0           0
   415.0000           16292           0           0           0
   420.0000           15466           0           0           0
   425.0000           14242           0           0           0
   430.0000           14023           0           0           0
   435.0000           12825           0           0           0
   440.0000           11864           0           0           0
   445.0000           12603           0           0           0
   450.0000           12888           0           0           0
   455.0000           11474           0           0           0
   460.0000           11938           0           0           0
   465.0000           11995           0           0           0
   470.0000           10736           0           0           0
   475.0000           11204           0           0           0
   480.0000           11843           0           0           0
   485.0000           11315           0           0           0
   490.0000           10704           0           0           0
   495.0000           10989           0           0           0
   500.0000           10420           0           0           0
   505.0000           10607           0           0           0
   510.0000           11649           0           0           0
   515.0000           12219           0           0           0
   520.0000           11198           0           0           0
   525.0000           11717           0           0           0
   530.0000           11524           0           0           0
   535.0000           10572           0           0           0
   540.0000           11156           0           0           0
   545.0000           10988           0           0           0
   550.0000            9804           0           0           0
   555.0000           10008           0           0           0
   560.0000            9838           0           0           0
   565.0000            8869           0           0           0
   570.0000            8965           0           0           0
   575.0000            9079           0           0           0
   580.0000            8683           0           0           0
   585.0000            8461           0           0           0
   590.0000            8548           0           0           0
   595.0000            8345           0           0           0
   600.0000            8357           0           0           0
   605.0000            9146           0           0           0
   610.0000            9001           0           0           0
   615.0000            9034           0           0           0
   620.0000            9517           0           0           0
   625.0000            9236           0           0           0
   630.0000            9213           0           0           0
   635.0000            9352           0           0           0
   640.0000            8934           0           0           0
   645.0000            8944           0           0           0
   650.0000            9469           0           0           0
   655.0000            9554           0           0           0
   660.0000            9171           0           0           0
   665.0000            9823           0           0           0
   670.0000            9775           0           0           0
   675.0000           10586           0           0           0
   680.0000           12425           0           0           0
   685.0000           13455           0           0           0
   690.0000           14175           0           0           0
   695.0000           15266           0           0           0
   700.0000           16432           0           0           0
   705.0000           16011           0           0           0
   710.0000           16481           0           0           0
   715.0000           16015           0           0           0
   720.0000           13966           0           0           0
   725.0000           12453           0           0           0
   730.0000           11044           0           0           0
   735.0000            9332           0           0           0
   740.0000            8806           0           0           0
   745.0000            8825           0           0           0
   750.0000            8127           0           0           0
   755.0000            7836           0           0           0
   760.0000            8149           0           0           0
   765.0000            7717           0           0           0
   770.0000            7926           0           0           0
   775.0000            8535           0           0           0
   780.0000            8749           0           0           0
   785.0000            8416           0           0           0
   790.0000            8429           0           0           0
   795.0000            8112           0           0           0
   800.0000            7961           0           0           0
   805.0000            7891           0           0           0
   810.0000            7496           0           0           0
   815.0000            7336           0           0           0
   820.0000            7522           0           0           0
   825.0000            7637           0           0           0
   830.0000            7312           0           0           0
   835.0000            7630           0           0           0
   840.0000            8516           0           0           0
   845.0000            8318           0           0           0
   850.0000            8974           0           0           0
   855.0000            9465           0           0           0
   860.0000            9610           0           0           0
   865.0000           10443           0           0           0
   870.0000           10644           0           0           0
   875.0000           10048           0           0           0
   880.0000            9997           0           0           0
   885.0000            9321           0           0           0
   890.0000            8147           0           0           0
   895.0000            7420           0           0           0
   900.0000            6831           0           0           0
   905.0000            5964           0           0           0
   910.0000            5740           0           0           0
   915.0000            6065           0           0           0
   920.0000            5475           0           0           0
   925.0000            5258           0           0           0
   930.0000            5665           0           0           0
   935.0000            5860           0           0           0
   940.0000            6510           0           0           0
   945.0000            7590           0           0           0
   950.0000            8136           0           0           0
   955.0000            9054           0           0           0
   960.0000           10434           0           0           0
   965.0000           11007           0           0           0
   970.0000           11916           0           0           0
   975.0000           13457           0           0           0
   980.0000           13525           0           0           0
   985.0000           12825           0           0           0
   990.0000           12658           0           0           0
   995.0000           11826           0           0           0
   1000.000           11006           0           0           0
   1005.000           10650           0           0           0
   1010.000            9199           0           0           0
   1015.000            7890           0           0           0
   1020.000            7105           0           0           0
   1025.000            6085           0           0           0
   1030.000            5361           0           0           0
   1035.000            4985           0           0           0
   1040.000            4517           0           0           0
   1045.000            4029           0           0           0
   1050.000            3941           0           0           0
   1055.000            3706           0           0           0
   1060.000            3327           0           0           0
   1065.000            3194           0           0           0
   1070.000            3093           0           0           0
   1075.000            2872           0           0           0
   1080.000            2730           0           0           0
   1085.000            2478           0           0           0
   1090.000            2355           0           0           0
   1095.000            2345           0           0           0
   1100.000            2336           0           0           0
   1105.000            2076           0           0           0
   1110.000            1959           0           0           0
   1115.000            1822           0           0           0
   1120.000            1658           0           0           0
   1125.000            1575           0           0           0
   1130.000            1485           0           0           0
   1135.000            1337           0           0           0
   1140.000            1344           0           0           0
   1145.000            1265           0           0           0
   1150.000            1140           0           0           0
   1155.000            1152           0           0           0
   1160.000            1073           0           0           0
   1165.000             990           0           0           0
   1170.000             950           0           0           0
   1175.000             968           0           0           0
   1180.000             930           0           0           0
   1185.000             943           0           0           0
   1190.000             880           0           0           0
   1195.000             874           0           0           0
   1200.000             869           0           0           0
   1205.000             817           0           0           0
   1210.000             780           0           0           0
   1215.000             831           0           0           0
   1220.000             788           0           0           0
   1225.000             808           0           0           0
   1230.000             865           0           0           0
   1235.000             851           0           0           0
   1240.000             888           0           0           0
   1245.000            1020           0           0           0
   1250.000             998           0           0           0
   1255.000            1096           0           0           0
   1260.000            1087           0           0           0
   1265.000            1193           0           0           0
   1270.000            1253           0           0           0
   1275.000            1312           0           0           0
   1280.000            1405           0           0           0
   1285.000            1522           0           0           0
   1290.000            1602           0           0           0
   1295.000            1535           0           0           0
   1300.000            1571           0           0           0
   1305.000            1667           0           0           0
   1310.000            1689           0           0           0
   1315.000            1827           0           0           0
   1320.000            1776           0           0           0
   1325.000            1913           0           0           0
   1330.000            1812           0           0           0
   1335.000            1876           0           0           0
   1340.000            1872           0           0           0
   1345.000            1820           0           0           0
   1350.000            1839           0           0           0
   1355.000            1850           0           0           0
   1360.000            1854           0           0           0
   1365.000            1824           0           0           0
   1370.000            1770           0           0           0
   1375.000            1669           0           0           0
   1380.000            1647           0           0           0
   1385.000            1552           0           0           0
   1390.000            1529           0           0           0
   1395.000            1525           0           0           0
   1400.000            1482           0           0           0
   1405.000            1352           0           0           0
   1410.000            1281           0           0           0
   1415.000            1291           0           0           0
   1420.000            1204           0           0           0
   1425.000            1231           0           0           0
   1430.000            1129           0           0           0
   1435.000            1081           0           0           0
   1440.000            1034           0           0           0
   1445.000            1067           0           0           0
   1450.000             971           0           0           0
   1455.000             916           0           0           0
   1460.000             893           0           0           0
   1465.000             843           0           0           0
   1470.000             797           0           0           0
   1475.000             814           0           0           0
   1480.000             702           0           0           0
   1485.000             746           0           0           0
   1490.000             657           0           0           0
   1495.000             664           0           0           0
   1500.000             612           0           0           0
   1505.000             599           0           0           0
   1510.000             546           0           0           0
   1515.000             559           0           0           0
   1520.000             561           0           0           0
   1525.000             481           0           0           0
   1530.000             498           0           0           0
   1535.000             509           0           0           0
   1540.000             435           0           0           0
   1545.000             448           0           0           0
   1550.000             408           0           0           0
   1555.000             430           0           0           0
   1560.000             388           0           0           0
   1565.000             404           0           0           0
   1570.000             375           0           0           0
   1575.000             388           0           0           0
   1580.000             361           0           0           0
   1585.000             310           0           0           0
   1590.000             338           0           0           0
   1595.000             330           0           0           0
   1600.000             312           0           0           0
   1605.000             304           0           0           0
   1610.000             253           0           0           0
   1615.000             272           0           0           0
   1620.000             255           0           0           0
   1625.000             273           0           0           0
   1630.000             255           0           0           0
   1635.000             238           0           0           0
   1640.000             234           0           0           0
   1645.000             232           0           0           0
   1650.000             226           0           0           0
   1655.000             207           0           0           0
   1660.000             229           0           0           0
   1665.000             213           0           0           0
   1670.000             210           0           0           0
   1675.000             205           0           0           0
   1680.000             191           0           0           0
   1685.000             193           0           0           0
   1690.000             177           0           0           0
   1695.000             191           0           0           0
   1700.000             187           0           0           0
   1705.000             199           0           0           0
   1710.000             151           0           0           0
   1715.000             170           0           0           0
   1720.000             175           0           0           0
   1725.000             163           0           0           0
   1730.000             146           0           0           0
   1735.000             151           0           0           0
   1740.000             146           0           0           0
   1745.000             123           0           0           0
   1750.000             134           0           0           0
   1755.000             131           0           0           0
   1760.000             149           0           0           0
   1765.000             138           0           0           0
   1770.000             119           0           0           0
   1775.000             118           0           0           0
   1780.000             133           0           0           0
   1785.000             123           0           0           0
   1790.000             133           0           0           0
   1795.000             115           0           0           0
   1800.000             123           0           0           0
   1805.000              96           0           0           0
   1810.000             107           0           0           0
   1815.000              90           0           0           0
   1820.000              89           0           0           0
   1825.000             102           0           0           0
   1830.000             111           0           0           0
   1835.000             105           0           0           0
   1840.000              90           0           0           0
   1845.000              82           0           0           0
   1850.000              96           0           0           0
   1855.000              95           0           0           0
   1860.000              93           0           0           0
   1865.000              76           0           0           0
   1870.000              76           0           0           0
   1875.000              72           0           0           0
   1880.000              83           0           0           0
   1885.000              78           0           0           0
   1890.000              66           0           0           0
   1895.000              97           0           0           0
   1900.000              85           0           0           0
   1905.000              84           0           0           0
   1910.000              71           0           0           0
   1915.000              78           0           0           0
   1920.000              89           0           0           0
   1925.000              57           0           0           0
   1930.000              62           0           0           0
   1935.000              64           0           0           0
   1940.000              71           0           0           0
   1945.000              59           0           0           0
   1950.000              65           0           0           0
   1955.000              61           0           0           0
   1960.000              50           0           0           0
   1965.000              65           0           0           0
   1970.000              50           0           0           0
   1975.000              47           0           0           0
   1980.000              51           0           0           0
   1985.000              41           0           0           0
   1990.000              70           0           0           0
   1995.000              46           0           0           0
   2000.000              43           0           0           0
   2005.000              60           0           0           0
   2010.000              62           0           0           0
   2015.000              53           0           0           0
   2020.000              49           0           0           0
   2025.000              40           0           0           0
   2030.000              72           0           0           0
   2035.000              35           0           0           0
   2040.000              40           0           0           0
   2045.000              47           0           0           0
   2050.000              44           0           0           0
   2055.000              37           0           0           0
   2060.000              34           0           0           0
   2065.000              37           0           0           0
   2070.000              44           0           0           0
   2075.000              44           0           0           0
   2080.000              33           0           0           0
   2085.000              31           0           0           0
   2090.000              30           0           0           0
   2095.000              35           0           0           0
   2100.000              25           0           0           0
   2105.000              30           0           0           0
   2110.000              34           0           0           0
   2115.000              37           0           0           0
   2120.000              23           0           0           0
   2125.000              30           0           0           0
   2130.000              22           0           0           0
   2135.000              28           0           0           0
   2140.000              29           0           0           0
   2145.000              27           0           0           0
   2150.000              19           0           0           0
   2155.000              26           0           0           0
   2160.000              28           0           0           0
   2165.000              30           0           0           0
   2170.000              16           0           0           0
   2175.000              22           0           0           0
   2180.000              24           0           0           0
   2185.000              25           0           0           0
   2190.000              26           0           0           0
   2195.000              22           0           0           0
   2200.000              21           0           0           0
   2205.000              21           0           0           0
   2210.000              21           0           0           0
   2215.000              18           0           0           0
   2220.000              19           0           0           0
   2225.000              20           0           0           0
   2230.000              16           0           0           0
   2235.000              24           0           0           0
   2240.000               8           0           0           0
   2245.000              25           0           0           0
   2250.000              21           0           0           0
   2255.000              17           0           0           0
   2260.000              19           0           0           0
   2265.000              14           0           0           0
   2270.000              14           0           0           0
   2275.000              18           0           0           0
   2280.000              18           0           0           0
   2285.000              15           0           0           0
   2290.000              25           0           0           0
   2295.000              20           0           0           0
   2300.000              13           0           0           0
   2305.000              12           0           0           0
   2310.000              14           0           0           0
   2315.000              20           0           0           0
   2320.000              17           0           0           0
   2325.000              18           0           0           0
   2330.000               7           0           0           0
   2335.000              18           0           0           0
   2340.000              13           0           0           0
   2345.000              13           0           0           0
   2350.000              12           0           0           0
   2355.000              14           0           0           0
   2360.000              20           0           0           0
   2365.000              14           0           0           0
   2370.000              12           0           0           0
   2375.000               9           0           0           0
   2380.000              15           0           0           0
   2385.000               9           0           0           0
   2390.000              13           0           0           0
   2395.000              18           0           0           0
   2400.000              14           0           0           0
   2405.000              14           0           0           0
   2410.000              12           0           0           0
   2415.000              10           0           0           0
   2420.000              11           0           0           0
   2425.000               7           0           0           0
   2430.000               8           0           0           0
   2435.000              13           0           0           0
   2440.000              11           0           0           0
   2445.000               9           0           0           0
   2450.000              12           0           0           0
   2455.000               9           0           0           0
   2460.000               8           0           0           0
   2465.000               3           0           0           0
   2470.000               8           0           0           0
   2475.000               9           0           0           0
   2480.000              12           0           0           0
   2485.000              12           0           0           0
   2490.000               9           0           0           0
   2495.000               8           0           0           0
   2500.000              13           0           0           0
