   5.000000               0           0           0           0
   10.00000               0           0           0           0
   15.00000               0           0           0           0
   20.00000               0           0           0           0
   25.00000               0           0           0           0
   30.00000               0           0           0           0
   35.00000               0           0           0           0
   40.00000               0           0           0           0
   45.00000               0           0           0           0
   50.00000               0           0           0           0
   55.00000               0           0           0           0
   60.00000               0           0           0           0
   65.00000               0           0           0           0
   70.00000               0           0           0           0
   75.00000               0           0           0           0
   80.00000               0           0           0           0
   85.00000               0           0           0           0
   90.00000               0           0           0           0
   95.00000               0           0           0           0
   100.0000               0           0           0           0
   105.0000               0           0           0           0
   110.0000               0           0           0           0
   115.0000               0           0           0           0
   120.0000               0           0           0           0
   125.0000               0           0           0           0
   130.0000               0           0           0           0
   135.0000               0           0           0           0
   140.0000               0           0           0           0
   145.0000               0           0           0           0
   150.0000               0           0           0           0
   155.0000               0           0           0           0
   160.0000               0           0           0           0
   165.0000               0           0           0           0
   170.0000               0           0           0           0
   175.0000               0           0           0           0
   180.0000               0           0           0           0
   185.0000               0           0           0           0
   190.0000               0           0           0           0
   195.0000               0           0           0           0
   200.0000               0           0           0           0
   205.0000               0           0           0           0
   210.0000               0           0           0           0
   215.0000               0           0           0           0
   220.0000               0           0           0           0
   225.0000               0           0           0           0
   230.0000               0           0           0           0
   235.0000               0           0           0           0
   240.0000               0           0           0           0
   245.0000               0           0           0           0
   250.0000               0           0           0           0
   255.0000               0           0           0           0
   260.0000               0           0           0           0
   265.0000               0           0           0           0
   270.0000               0           0           0           0
   275.0000               0           0           0           0
   280.0000               0           0           0           0
   285.0000               0           0           0           0
   290.0000               0           0           0           0
   295.0000               0           0           0           0
   300.0000               0           0           0           0
   305.0000               0           0           0           0
   310.0000               0           0           0           0
   315.0000               0           0           0           0
   320.0000               0           0           0           0
   325.0000               0           0           0           0
   330.0000               0           0           0           0
   335.0000               0           0           0           0
   340.0000               0           0           0           0
   345.0000               0           0           0           0
   350.0000               0           0           0           0
   355.0000               0           0           0           0
   360.0000               0           0           0           0
   365.0000               0           0           0           0
   370.0000               0           0           0           0
   375.0000               0           0           0           0
   380.0000               0           0           0           0
   385.0000               0           0           0           0
   390.0000               0           0           0           0
   395.0000               0           0           0           0
   400.0000               0           0           0           0
   405.0000               0           0           0           0
   410.0000               0           0           0           0
   415.0000               0           0           0           0
   420.0000               0           0           0           0
   425.0000               0           0           0           0
   430.0000               0           0           0           0
   435.0000               0           0           0           0
   440.0000               0           0           0           0
   445.0000               0           0           0           0
   450.0000               0           0           0           0
   455.0000               0           0           0           0
   460.0000               0           0           0           0
   465.0000               0           0           0           0
   470.0000               0           0           0           0
   475.0000               0           0           0           0
   480.0000               0           0           0           0
   485.0000               0           0           0           0
   490.0000               0           0           0           0
   495.0000               0           0           0           0
   500.0000               0           0           0           0
   505.0000               0           0           0           0
   510.0000               0           0           0           0
   515.0000               0           0           0           0
   520.0000               0           0           0           0
   525.0000               0           0           0           0
   530.0000               0           0           0           0
   535.0000               0           0           0           0
   540.0000               0           0           0           0
   545.0000               0           0           0           0
   550.0000               0           0           0           0
   555.0000               0           0           0           0
   560.0000               0           0           0           0
   565.0000               0           0           0           0
   570.0000               0           0           0           0
   575.0000               0           0           0           0
   580.0000               0           0           0           0
   585.0000               0           0           0           0
   590.0000               0           0           0           0
   595.0000               0           0           0           0
   600.0000               0           0           0           0
   605.0000               0           0           0           0
   610.0000               0           0           0           0
   615.0000               0           0           0           0
   620.0000               0           0           0           0
   625.0000               0           0           0           0
   630.0000               0           0           0           0
   635.0000               0           0           0           0
   640.0000               0           0           0           0
   645.0000               0           0           0           0
   650.0000               0           0           0           0
   655.0000               0           0           0           0
   660.0000               0           0           0           0
   665.0000               0           0           0           0
   670.0000               0           0           0           0
   675.0000               0           0           0           0
   680.0000               0           0           0           0
   685.0000               0           0           0           0
   690.0000               0           0           0           0
   695.0000               0           0           0           0
   700.0000               0           0           0           0
   705.0000               0           0           0           0
   710.0000               0           0           0           0
   715.0000               0           0           0           0
   720.0000               0           0           0           0
   725.0000               0           0           0           0
   730.0000               0           0           0           0
   735.0000               0           0           0           0
   740.0000               0           0           0           0
   745.0000               0           0           0           0
   750.0000               0           0           0           0
   755.0000               0           0           0           0
   760.0000               0           0           0           0
   765.0000               0           0           0           0
   770.0000               0           0           0           0
   775.0000               0           0           0           0
   780.0000               0           0           0           0
   785.0000               0           0           0           0
   790.0000               0           0           0           0
   795.0000               0           0           0           0
   800.0000               0           0           0           0
   805.0000               0           0           0           0
   810.0000               0           0           0           0
   815.0000               0           0           0           0
   820.0000               0           0           0           0
   825.0000               0           0           0           0
   830.0000               0           0           0           0
   835.0000               0           0           0           0
   840.0000               0           0           0           0
   845.0000               0           0           0           0
   850.0000               0           0           0           0
   855.0000               0           0           0           0
   860.0000               0           0           0           0
   865.0000               0           0           0           0
   870.0000               0           0           0           0
   875.0000               0           0           0           0
   880.0000               0           0           0           0
   885.0000               0           0           0           0
   890.0000               0           0           0           0
   895.0000               0           0           0           0
   900.0000               0           0           0           0
   905.0000               0           0           0           0
   910.0000               0           0           0           0
   915.0000               0           0           0           0
   920.0000               0           0           0           0
   925.0000               0           0           0           0
   930.0000               0           0           0           0
   935.0000               0           0           0           0
   940.0000               0           0           0           0
   945.0000               0           0           0           0
   950.0000               0           0           0           0
   955.0000               0           0           0           0
   960.0000               0           0           0           0
   965.0000               0           0           0           0
   970.0000               0           0           0           0
   975.0000               0           0           0           0
   980.0000               0           0           0           0
   985.0000               0           0           0           0
   990.0000               0           0           0           0
   995.0000               0           0           0           0
   1000.000               0           0           0           0
   1005.000               0           0           0           0
   1010.000               0           0           0           0
   1015.000               0           0           0           0
   1020.000               0           0           0           0
   1025.000               0           0           0           0
   1030.000               0           0           0           0
   1035.000               0           0           0           0
   1040.000               0           0           0           0
   1045.000               0           0           0           0
   1050.000               0           0           0           0
   1055.000               0           0           0           0
   1060.000               0           0           0           0
   1065.000               0           0           0           0
   1070.000               0           0           0           0
   1075.000               0           0           0           0
   1080.000               0           0           0           0
   1085.000               0           0           0           0
   1090.000               0           0           0           0
   1095.000               0           0           0           0
   1100.000               0           0           0           0
   1105.000               0           0           0           0
   1110.000               0           0           0           0
   1115.000               0           0           0           0
   1120.000               0           0           0           0
   1125.000               0           0           0           0
   1130.000               0           0           0           0
   1135.000               0           0           0           0
   1140.000               0           0           0           0
   1145.000               0           0           0           0
   1150.000               0           0           0           0
   1155.000               0           0           0           0
   1160.000               0           0           0           0
   1165.000               0           0           0           0
   1170.000               0           0           0           0
   1175.000               0           0           0           0
   1180.000               0           0           0           0
   1185.000               0           0           0           0
   1190.000               0           0           0           0
   1195.000               0           0           0           0
   1200.000               0           0           0           0
   1205.000               0           0           0           0
   1210.000               0           0           0           0
   1215.000               0           0           0           0
   1220.000               0           0           0           0
   1225.000               0           0           0           0
   1230.000               0           0           0           0
   1235.000               0           0           0           0
   1240.000               0           0           0           0
   1245.000               0           0           0           0
   1250.000               0           0           0           0
   1255.000               0           0           0           0
   1260.000               0           0           0           0
   1265.000               0           0           0           0
   1270.000               0           0           0           0
   1275.000               0           0           0           0
   1280.000               0           0           0           0
   1285.000               0           0           0           0
   1290.000               0           0           0           0
   1295.000               0           0           0           0
   1300.000               0           0           0           0
   1305.000               0           0           0           0
   1310.000               0           0           0           0
   1315.000               0           0           0           0
   1320.000               0           0           0           0
   1325.000               0           0           0           0
   1330.000               0           0           0           0
   1335.000               0           0           0           0
   1340.000               0           0           0           0
   1345.000               0           0           0           0
   1350.000               0           0           0           0
   1355.000               0           0           0           0
   1360.000               0           0           0           0
   1365.000               0           0           0           0
   1370.000               0           0           0           0
   1375.000               0           0           0           0
   1380.000               0           0           0           0
   1385.000               0           0           0           0
   1390.000               0           0           0           0
   1395.000               0           0           0           0
   1400.000               0           0           0           0
   1405.000               0           0           0           0
   1410.000               0           0           0           0
   1415.000               0           0           0           0
   1420.000               0           0           0           0
   1425.000               0           0           0           0
   1430.000               0           0           0           0
   1435.000               0           0           0           0
   1440.000               0           0           0           0
   1445.000               0           0           0           0
   1450.000               0           0           0           0
   1455.000               0           0           0           0
   1460.000               0           0           0           0
   1465.000               0           0           0           0
   1470.000               0           0           0           0
   1475.000               0           0           0           0
   1480.000               0           0           0           0
   1485.000               0           0           0           0
   1490.000               0           0           0           0
   1495.000               0           0           0           0
   1500.000               0           0           0           0
   1505.000               0           0           0           0
   1510.000               0           0           0           0
   1515.000               0           0           0           0
   1520.000               0           0           0           0
   1525.000               0           0           0           0
   1530.000               0           0           0           0
   1535.000               0           0           0           0
   1540.000               0           0           0           0
   1545.000               0           0           0           0
   1550.000               0           0           0           0
   1555.000               0           0           0           0
   1560.000               0           0           0           0
   1565.000               0           0           0           0
   1570.000               0           0           0           0
   1575.000               0           0           0           0
   1580.000               0           0           0           0
   1585.000               0           0           0           0
   1590.000               0           0           0           0
   1595.000               0           0           0           0
   1600.000               0           0           0           0
   1605.000               0           0           0           0
   1610.000               0           0           0           0
   1615.000               0           0           0           0
   1620.000               0           0           0           0
   1625.000               0           0           0           0
   1630.000               0           0           0           0
   1635.000               0           0           0           0
   1640.000               0           0           0           0
   1645.000               0           0           0           0
   1650.000               0           0           0           0
   1655.000               0           0           0           0
   1660.000               0           0           0           0
   1665.000               0           0           0           0
   1670.000               0           0           0           0
   1675.000               0           0           0           0
   1680.000               0           0           0           0
   1685.000               0           0           0           0
   1690.000               0           0           0           0
   1695.000               0           0           0           0
   1700.000               0           0           0           0
   1705.000               0           0           0           0
   1710.000               0           0           0           0
   1715.000               0           0           0           0
   1720.000               0           0           0           0
   1725.000               0           0           0           0
   1730.000               0           0           0           0
   1735.000               0           0           0           0
   1740.000               0           0           0           0
   1745.000               0           0           0           0
   1750.000               0           0           0           0
   1755.000               0           0           0           0
   1760.000               0           0           0           0
   1765.000               0           0           0           0
   1770.000               0           0           0           0
   1775.000               0           0           0           0
   1780.000               0           0           0           0
   1785.000               0           0           0           0
   1790.000               0           0           0           0
   1795.000               0           0           0           0
   1800.000               0           0           0           0
   1805.000               0           0           0           0
   1810.000               0           0           0           0
   1815.000               0           0           0           0
   1820.000               0           0           0           0
   1825.000               0           0           0           0
   1830.000               0           0           0           0
   1835.000               0           0           0           0
   1840.000               0           0           0           0
   1845.000               0           0           0           0
   1850.000               0           0           0           0
   1855.000               0           0           0           0
   1860.000               0           0           0           0
   1865.000               0           0           0           0
   1870.000               0           0           0           0
   1875.000               0           0           0           0
   1880.000               0           0           0           0
   1885.000               0           0           0           0
   1890.000               0           0           0           0
   1895.000               0           0           0           0
   1900.000               0           0           0           0
   1905.000               0           0           0           0
   1910.000               0           0           0           0
   1915.000               0           0           0           0
   1920.000               0           0           0           0
   1925.000               0           0           0           0
   1930.000               0           0           0           0
   1935.000               0           0           0           0
   1940.000               0           0           0           0
   1945.000               0           0           0           0
   1950.000               0           0           0           0
   1955.000               0           0           0           0
   1960.000               0           0           0           0
   1965.000               0           0           0           0
   1970.000               0           0           0           0
   1975.000               0           0           0           0
   1980.000               0           0           0           0
   1985.000               0           0           0           0
   1990.000               0           0           0           0
   1995.000               0           0           0           0
   2000.000               0           0           0           0
   2005.000               0           0           0           0
   2010.000               0           0           0           0
   2015.000               0           0           0           0
   2020.000               0           0           0           0
   2025.000               0           0           0           0
   2030.000               0           0           0           0
   2035.000               0           0           0           0
   2040.000               0           0           0           0
   2045.000               0           0           0           0
   2050.000               0           0           0           0
   2055.000               0           0           0           0
   2060.000               0           0           0           0
   2065.000               0           0           0           0
   2070.000               0           0           0           0
   2075.000               0           0           0           0
   2080.000               0           0           0           0
   2085.000               0           0           0           0
   2090.000               0           0           0           0
   2095.000               0           0           0           0
   2100.000               0           0           0           0
   2105.000               0           0           0           0
   2110.000               0           0           0           0
   2115.000               0           0           0           0
   2120.000               0           0           0           0
   2125.000               0           0           0           0
   2130.000               0           0           0           0
   2135.000               0           0           0           0
   2140.000               0           0           0           0
   2145.000               0           0           0           0
   2150.000               0           0           0           0
   2155.000               0           0           0           0
   2160.000               0           0           0           0
   2165.000               0           0           0           0
   2170.000               0           0           0           0
   2175.000               0           0           0           0
   2180.000               0           0           0           0
   2185.000               0           0           0           0
   2190.000               0           0           0           0
   2195.000               0           0           0           0
   2200.000               0           0           0           0
   2205.000               0           0           0           0
   2210.000               0           0           0           0
   2215.000               0           0           0           0
   2220.000               0           0           0           0
   2225.000               0           0           0           0
   2230.000               0           0           0           0
   2235.000               0           0           0           0
   2240.000               0           0           0           0
   2245.000               0           0           0           0
   2250.000               0           0           0           0
   2255.000               0           0           0           0
   2260.000               0           0           0           0
   2265.000               0           0           0           0
   2270.000               0           0           0           0
   2275.000               0           0           0           0
   2280.000               0           0           0           0
   2285.000               0           0           0           0
   2290.000               0           0           0           0
   2295.000               0           0           0           0
   2300.000               0           0           0           0
   2305.000               0           0           0           0
   2310.000               0           0           0           0
   2315.000               0           0           0           0
   2320.000               0           0           0           0
   2325.000               0           0           0           0
   2330.000               0           0           0           0
   2335.000               0           0           0           0
   2340.000               0           0           0           0
   2345.000               0           0           0           0
   2350.000               0           0           0           0
   2355.000               0           0           0           0
   2360.000               0           0           0           0
   2365.000               0           0           0           0
   2370.000               0           0           0           0
   2375.000               0           0           0           0
   2380.000               0           0           0           0
   2385.000               0           0           0           0
   2390.000               0           0           0           0
   2395.000               0           0           0           0
   2400.000               0           0           0           0
   2405.000               0           0           0           0
   2410.000               0           0           0           0
   2415.000               0           0           0           0
   2420.000               0           0           0           0
   2425.000               0           0           0           0
   2430.000               0           0           0           0
   2435.000               0           0           0           0
   2440.000               0           0           0           0
   2445.000               0           0           0           0
   2450.000               0           0           0           0
   2455.000               0           0           0           0
   2460.000               0           0           0           0
   2465.000               0           0           0           0
   2470.000               0           0           0           0
   2475.000               0           0           0           0
   2480.000               0           0           0           0
   2485.000               0           0           0           0
   2490.000               0           0           0           0
   2495.000               0           0           0           0
   2500.000               0           0           0           0
