   1.00000000000000        4029.000       1.00001305600000     
   2.00000000000000        4243.000       2.00010640000000     
   3.00000000000000        4159.000       3.00001532800000     
   4.00000000000000        4189.000       4.00006857600000     
   5.00000000000000        4197.000       5.00009718400000     
   6.00000000000000        4243.000       6.00010492800000     
   7.00000000000000        4140.000       7.00000096000000     
   8.00000000000000        4192.000       8.00000771200000     
   9.00000000000000        4136.000       9.00009040000000     
   10.0000000000000        4125.000       10.0000718400000     
   11.0000000000000        4269.000       11.0004610240000     
   12.0000000000000        4178.000       12.0000340160000     
   13.0000000000000        4138.000       13.0000738880000     
   14.0000000000000        4224.000       14.0000242240000     
   15.0000000000000        4356.000       15.0006397440000     
