   10.0000000000000        122.5479       10.0205700160000     
   20.0000000000000        634.9346       20.0026998400000     
   30.0000000000000        256.8040       30.0064392000000     
   40.0000000000000        87.94894       40.0008750400000     
   50.0000000000000        258.9599       50.0178708160000     
   60.0000000000000        250.8114       60.0174172480000     
   70.0000000000000        751.5117       70.0039546240000     
   80.0000000000000        458.8205       80.0318406080000     
   90.0000000000000        629.0125       90.0268728000000     
   100.000000000000        610.4274       100.006765888000     
   110.000000000000        426.2452       110.003359392000     
   120.000000000000        467.3061       120.016067808000     
   130.000000000000        287.2911       130.005935808000     
   140.000000000000        306.0503       140.001025376000     
   150.000000000000        248.5173       150.000329664000     
   160.000000000000        260.5387       160.021874944000     
