   10.0000000000000        73.94789       10.0205700160000     
   20.0000000000000        76.03588       20.0026998400000     
   30.0000000000000        74.37219       30.0064392000000     
   40.0000000000000        78.14348       40.0008750400000     
   50.0000000000000        77.76783       50.0178708160000     
   60.0000000000000        74.70339       60.0174172480000     
   70.0000000000000        77.00367       70.0039546240000     
   80.0000000000000        77.88281       80.0318406080000     
   90.0000000000000        75.73763       90.0268728000000     
   100.000000000000        76.95473       100.006765888000     
   110.000000000000        75.02556       110.003359392000     
   120.000000000000        78.40037       120.016067808000     
   130.000000000000        76.57759       130.005935808000     
   140.000000000000        71.23498       140.001025376000     
   150.000000000000        81.80569       150.000329664000     
   160.000000000000        76.83446       160.021874944000     
