 0.000000032000  -768 0.000000 10338.714844
 0.000000064000  -768 0.000000 10338.714844
 0.000000096000  -768 0.000000 10338.714844
 0.000000128000  -768 0.000000 10338.714844
 0.000000160000  -768 0.000000 10338.714844
 0.000000192000  -256 0.000000 10338.714844
 0.000000224000  512 73.718788 10338.714844
 0.000000256000  1024 267.676331 10338.714844
 0.000000288000  1536 605.921753 10338.714844
 0.000000320000  2560 1168.693848 10338.714844
 0.000000352000  3328 1959.380249 10338.714844
 0.000000384000  3840 2927.094971 10338.714844
 0.000000416000  4352 4023.319580 10338.714844
 0.000000448000  4864 5204.691895 10338.714844
 0.000000480000  5120 6397.736816 10338.714844
 0.000000512000  5120 7513.099609 10338.714844
 0.000000544000  5120 8493.552734 10338.714844
 0.000000576000  5120 9308.575195 10338.714844
 0.000000608000  4864 9911.761719 10338.714844
 0.000000640000  4352 10248.875000 10338.714844
 0.000000672000  4096 10337.801758 10338.714844
 0.000000704000  3840 10208.983398 10338.714844
 0.000000736000  3328 9862.636719 10338.714844
 0.000000768000  2816 9314.574219 10338.714844
 0.000000800000  2304 8590.435547 10338.714844
 0.000000832000  2048 7757.780762 10338.714844
 0.000000864000  1536 6835.059570 10338.714844
 0.000000896000  1280 5878.585938 10338.714844
 0.000000928000  768 4893.522949 10338.714844
 0.000000960000  512 3922.416504 10338.714844
 0.000000992000  0 2957.314209 10338.714844
 0.000001024000  0 0.000000 10338.714844
 0.000001056000  -256 1253.635742 10338.714844
 0.000001088000  -512 518.606567 10338.714844
 0.000001120000  -512 -109.200012 10338.714844
 0.000001152000  -768 -653.288086 10338.714844
 0.000001184000  -512 -1062.490112 10338.714844
 0.000001216000  -512 -1347.403320 10338.714844
 0.000001248000  -768 -1561.285156 10338.714844
 0.000001280000  -768 -1709.831787 10338.714844
 0.000001312000  -768 0.000000 10338.714844
 0.000001344000  -512 0.000000 10338.714844
 0.000001376000  -768 0.000000 10338.714844
 0.000001408000  -768 0.000000 10338.714844
 0.000001440000  -768 0.000000 10338.714844
 0.000001472000  -768 0.000000 10338.714844
 0.000001504000  -768 0.000000 10338.714844
 0.000001536000  -768 0.000000 10338.714844
 0.000001568000  -768 0.000000 10338.714844
 0.000001600000  -512 0.000000 10338.714844

 0.000000032000  -768 0.000000 15680.830078
 0.000000064000  -768 0.000000 15680.830078
 0.000000096000  -768 0.000000 15680.830078
 0.000000128000  -768 0.000000 15680.830078
 0.000000160000  -768 0.000000 15680.830078
 0.000000192000  -256 0.000000 15680.830078
 0.000000224000  256 36.859394 15680.830078
 0.000000256000  1280 244.416336 15680.830078
 0.000000288000  2304 704.475342 15680.830078
 0.000000320000  3328 1456.370117 15680.830078
 0.000000352000  4352 2506.744141 15680.830078
 0.000000384000  5376 3838.780273 15680.830078
 0.000000416000  6144 5383.519043 15680.830078
 0.000000448000  6912 7077.166504 15680.830078
 0.000000480000  7680 8864.152344 15680.830078
 0.000000512000  7936 10624.971680 15680.830078
 0.000000544000  7936 12240.631836 15680.830078
 0.000000576000  7680 13601.066406 15680.830078
 0.000000608000  7424 14647.269531 15680.830078
 0.000000640000  6912 15323.519531 15680.830078
 0.000000672000  6656 15654.138672 15680.830078
 0.000000704000  5888 15607.385742 15680.830078
 0.000000736000  5376 15224.972656 15680.830078
 0.000000768000  4608 14523.530273 15680.830078
 0.000000800000  4096 13574.576172 15680.830078
 0.000000832000  3328 12409.352539 15680.830078
 0.000000864000  2816 11102.250000 15680.830078
 0.000000896000  2304 9715.779297 15680.830078
 0.000000928000  1792 8299.606445 15680.830078
 0.000000960000  1280 6890.784180 15680.830078
 0.000000992000  768 5514.833496 15680.830078
 0.000001024000  512 4224.189453 15680.830078
 0.000001056000  256 3049.574219 15680.830078
 0.000001088000  0 2004.234009 15680.830078
 0.000001120000  0 0.000000 15680.830078
 0.000001152000  -512 352.212891 15680.830078
 0.000001184000  -512 -290.184113 15680.830078
 0.000001216000  -512 -794.641174 15680.830078
 0.000001248000  -512 -1165.805054 15680.830078
 0.000001280000  -768 -1453.397827 15680.830078
 0.000001312000  -768 -1661.532593 15680.830078
 0.000001344000  -768 -1798.821899 15680.830078
 0.000001376000  -512 -1839.561157 15680.830078
 0.000001408000  -512 0.000000 15680.830078
 0.000001440000  -512 0.000000 15680.830078
 0.000001472000  -512 0.000000 15680.830078
 0.000001504000  -512 0.000000 15680.830078
 0.000001536000  -512 0.000000 15680.830078
 0.000001568000  -512 0.000000 15680.830078
 0.000001600000  -512 0.000000 15680.830078
 0.000001632000  -512 0.000000 15680.830078
 0.000001664000  -256 0.000000 15680.830078
 0.000001696000  -256 0.000000 15680.830078

 0.000000032000  -1024 0.000000 14103.881836
 0.000000064000  -1024 0.000000 14103.881836
 0.000000096000  -1024 0.000000 14103.881836
 0.000000128000  -1024 0.000000 14103.881836
 0.000000160000  -768 0.000000 14103.881836
 0.000000192000  0 0.000000 14103.881836
 0.000000224000  1024 147.437576 14103.881836
 0.000000256000  1792 498.493256 14103.881836
 0.000000288000  2560 1078.005371 14103.881836
 0.000000320000  3840 1960.708130 14103.881836
 0.000000352000  4864 3140.456055 14103.881836
 0.000000384000  5632 4554.685059 14103.881836
 0.000000416000  6400 6142.529297 14103.881836
 0.000000448000  6400 7738.120117 14103.881836
 0.000000480000  7168 9334.867188 14103.881836
 0.000000512000  6912 10780.616211 14103.881836
 0.000000544000  6912 12016.127930 14103.881836
 0.000000576000  6656 12978.030273 14103.881836
 0.000000608000  6656 13678.326172 14103.881836
 0.000000640000  5888 14033.708984 14103.881836
 0.000000672000  5632 14084.162109 14103.881836
 0.000000704000  4864 13806.029297 14103.881836
 0.000000736000  4096 13206.332031 14103.881836
 0.000000768000  3328 12313.158203 14103.881836
 0.000000800000  3072 11241.100586 14103.881836
 0.000000832000  2304 10009.880859 14103.881836
 0.000000864000  1792 8681.681641 14103.881836
 0.000000896000  1536 7344.061523 14103.881836
 0.000000928000  1024 6022.395996 14103.881836
 0.000000960000  512 4733.376465 14103.881836
 0.000000992000  256 3523.246826 14103.881836
 0.000001024000  0 2418.838867 14103.881836
 0.000001056000  -256 0.000000 14103.881836
 0.000001088000  -256 597.294556 14103.881836
 0.000001120000  -256 -68.975182 14103.881836
 0.000001152000  -768 -643.000122 14103.881836
 0.000001184000  -512 -1073.989502 14103.881836
 0.000001216000  -768 -1410.251709 14103.881836
 0.000001248000  -768 -1655.709229 14103.881836
 0.000001280000  -768 -1819.657227 14103.881836
 0.000001312000  -768 -1914.498047 14103.881836
 0.000001344000  -768 0.000000 14103.881836
 0.000001376000  -768 0.000000 14103.881836
 0.000001408000  -768 0.000000 14103.881836
 0.000001440000  -768 0.000000 14103.881836
 0.000001472000  -768 0.000000 14103.881836
 0.000001504000  -768 0.000000 14103.881836
 0.000001536000  -512 0.000000 14103.881836
 0.000001568000  -512 0.000000 14103.881836
 0.000001600000  -768 0.000000 14103.881836
 0.000001632000  -512 0.000000 14103.881836

 0.000000032000  -768 0.000000 15381.114258
 0.000000064000  -768 0.000000 15381.114258
 0.000000096000  -1024 0.000000 15381.114258
 0.000000128000  -768 0.000000 15381.114258
 0.000000160000  -768 0.000000 15381.114258
 0.000000192000  -512 0.000000 15381.114258
 0.000000224000  256 36.859394 15381.114258
 0.000000256000  768 170.697556 15381.114258
 0.000000288000  1792 510.517792 15381.114258
 0.000000320000  2816 1118.124756 15381.114258
 0.000000352000  3840 2017.690918 15381.114258
 0.000000384000  4864 3205.192139 15381.114258
 0.000000416000  5888 4657.070312 15381.114258
 0.000000448000  6656 6300.871582 15381.114258
 0.000000480000  7424 8071.841309 15381.114258
 0.000000512000  7424 9804.720703 15381.114258
 0.000000544000  7680 11422.928711 15381.114258
 0.000000576000  7680 12844.022461 15381.114258
 0.000000608000  7424 13987.372070 15381.114258
 0.000000640000  7168 14816.288086 15381.114258
 0.000000672000  6656 15290.750977 15381.114258
 0.000000704000  5888 15371.284180 15381.114258
 0.000000736000  5632 15132.214844 15381.114258
 0.000000768000  5120 14611.945312 15381.114258
 0.000000800000  4352 13820.857422 15381.114258
 0.000000832000  3840 12822.607422 15381.114258
 0.000000864000  3072 11640.000000 15381.114258
 0.000000896000  2560 10339.201172 15381.114258
 0.000000928000  1792 8938.377930 15381.114258
 0.000000960000  1280 7494.361816 15381.114258
 0.000000992000  1024 6087.076660 15381.114258
 0.000001024000  768 4770.066406 15381.114258
 0.000001056000  256 3537.616943 15381.114258
 0.000001088000  0 2416.482666 15381.114258
 0.000001120000  0 0.000000 15381.114258
 0.000001152000  -512 599.464966 15381.114258
 0.000001184000  -256 -81.544365 15381.114258
 0.000001216000  -512 -628.167542 15381.114258
 0.000001248000  -512 -1040.960327 15381.114258
 0.000001280000  -512 -1329.947998 15381.114258
 0.000001312000  -768 -1547.951050 15381.114258
 0.000001344000  -768 -1700.354858 15381.114258
 0.000001376000  -512 -1758.808960 15381.114258
 0.000001408000  -768 0.000000 15381.114258
 0.000001440000  -768 0.000000 15381.114258
 0.000001472000  -512 0.000000 15381.114258
 0.000001504000  -512 0.000000 15381.114258
 0.000001536000  -768 0.000000 15381.114258
 0.000001568000  -512 0.000000 15381.114258
 0.000001600000  -768 0.000000 15381.114258
 0.000001632000  -512 0.000000 15381.114258
 0.000001664000  -512 0.000000 15381.114258
 0.000001696000  -512 0.000000 15381.114258

 0.000000032000  -1024 0.000000 15423.041016
 0.000000064000  -768 0.000000 15423.041016
 0.000000096000  -1024 0.000000 15423.041016
 0.000000128000  -768 0.000000 15423.041016
 0.000000160000  -768 0.000000 15423.041016
 0.000000192000  0 0.000000 15423.041016
 0.000000224000  768 110.578178 15423.041016
 0.000000256000  1280 364.655090 15423.041016
 0.000000288000  2048 811.903809 15423.041016
 0.000000320000  3584 1583.917847 15423.041016
 0.000000352000  4608 2676.113525 15423.041016
 0.000000384000  5376 4025.358887 15423.041016
 0.000000416000  6144 5568.764160 15423.041016
 0.000000448000  7168 7284.997559 15423.041016
 0.000000480000  7424 9036.041016 15423.041016
 0.000000512000  7680 10722.357422 15423.041016
 0.000000544000  7680 12241.768555 15423.041016
 0.000000576000  7680 13534.454102 15423.041016
 0.000000608000  7168 14500.962891 15423.041016
 0.000000640000  6912 15131.718750 15423.041016
 0.000000672000  6400 15407.300781 15423.041016
 0.000000704000  5888 15339.624023 15423.041016
 0.000000736000  5120 14924.916992 15423.041016
 0.000000768000  4608 14222.372070 15423.041016
 0.000000800000  3840 13257.465820 15423.041016
 0.000000832000  3072 12066.995117 15423.041016
 0.000000864000  2560 10729.927734 15423.041016
 0.000000896000  2048 9312.335938 15423.041016
 0.000000928000  1536 7866.467773 15423.041016
 0.000000960000  1280 6467.950684 15423.041016
 0.000000992000  512 5092.825195 15423.041016
 0.000001024000  256 3796.282715 15423.041016
 0.000001056000  0 2611.467041 15423.041016
 0.000001088000  -256 0.000000 15423.041016
 0.000001120000  -256 661.234375 15423.041016
 0.000001152000  -512 -87.478836 15423.041016
 0.000001184000  -512 -681.273132 15423.041016
 0.000001216000  -512 -1123.405884 15423.041016
 0.000001248000  -512 -1427.085205 15423.041016
 0.000001280000  -512 -1611.564453 15423.041016
 0.000001312000  -768 -1735.820312 15423.041016
 0.000001344000  -768 -1808.791626 15423.041016
 0.000001376000  -768 0.000000 15423.041016
 0.000001408000  -512 0.000000 15423.041016
 0.000001440000  -512 0.000000 15423.041016
 0.000001472000  -512 0.000000 15423.041016
 0.000001504000  -512 0.000000 15423.041016
 0.000001536000  -512 0.000000 15423.041016
 0.000001568000  -512 0.000000 15423.041016
 0.000001600000  -512 0.000000 15423.041016
 0.000001632000  -512 0.000000 15423.041016
 0.000001664000  -512 0.000000 15423.041016

 0.000000032000  -768 0.000000 16116.364258
 0.000000064000  -1024 0.000000 16116.364258
 0.000000096000  -1024 0.000000 16116.364258
 0.000000128000  -768 0.000000 16116.364258
 0.000000160000  -512 0.000000 16116.364258
 0.000000192000  -256 0.000000 16116.364258
 0.000000224000  768 110.578178 16116.364258
 0.000000256000  1536 401.514496 16116.364258
 0.000000288000  2816 982.601379 16116.364258
 0.000000320000  3584 1836.420166 16116.364258
 0.000000352000  4864 3004.809326 16116.364258
 0.000000384000  5888 4457.677246 16116.364258
 0.000000416000  6912 6153.388184 16116.364258
 0.000000448000  7424 7971.470215 16116.364258
 0.000000480000  7936 9818.416016 16116.364258
 0.000000512000  7936 11552.690430 16116.364258
 0.000000544000  8192 13119.760742 16116.364258
 0.000000576000  7680 14382.747070 16116.364258
 0.000000608000  7680 15341.028320 16116.364258
 0.000000640000  6912 15905.524414 16116.364258
 0.000000672000  6656 16115.674805 16116.364258
 0.000000704000  5888 15951.000000 16116.364258
 0.000000736000  5376 15460.946289 16116.364258
 0.000000768000  4608 14666.839844 16116.364258
 0.000000800000  3840 13605.564453 16116.364258
 0.000000832000  3328 12359.141602 16116.364258
 0.000000864000  2816 10998.567383 16116.364258
 0.000000896000  2048 9545.111328 16116.364258
 0.000000928000  1792 8094.130859 16116.364258
 0.000000960000  1280 6675.630371 16116.364258
 0.000000992000  768 5308.364258 16116.364258
 0.000001024000  512 4038.689453 16116.364258
 0.000001056000  256 2892.170654 16116.364258
 0.000001088000  0 1877.915039 16116.364258
 0.000001120000  -256 0.000000 16116.364258
 0.000001152000  -256 262.204590 16116.364258
 0.000001184000  -512 -344.028564 16116.364258
 0.000001216000  -512 -819.184753 16116.364258
 0.000001248000  -512 -1167.982056 16116.364258
 0.000001280000  -768 -1439.693481 16116.364258
 0.000001312000  -768 -1637.649902 16116.364258
 0.000001344000  -768 -1769.502563 16116.364258
 0.000001376000  -768 -1845.389771 16116.364258
 0.000001408000  -512 0.000000 16116.364258
 0.000001440000  -768 0.000000 16116.364258
 0.000001472000  -512 0.000000 16116.364258
 0.000001504000  -512 0.000000 16116.364258
 0.000001536000  -768 0.000000 16116.364258
 0.000001568000  -512 0.000000 16116.364258
 0.000001600000  -512 0.000000 16116.364258
 0.000001632000  -512 0.000000 16116.364258
 0.000001664000  -512 0.000000 16116.364258
 0.000001696000  -768 0.000000 16116.364258

 0.000000032000  -1024 0.000000 15673.720703
 0.000000064000  -768 0.000000 15673.720703
 0.000000096000  -768 0.000000 15673.720703
 0.000000128000  -512 0.000000 15673.720703
 0.000000160000  -512 0.000000 15673.720703
 0.000000192000  0 0.000000 15673.720703
 0.000000224000  768 110.578178 15673.720703
 0.000000256000  1792 438.373871 15673.720703
 0.000000288000  2816 1042.720703 15673.720703
 0.000000320000  3840 1945.423340 15673.720703
 0.000000352000  5120 3177.191406 15673.720703
 0.000000384000  5888 4662.207031 15673.720703
 0.000000416000  6656 6328.935547 15673.720703
 0.000000448000  7168 8077.144531 15673.720703
 0.000000480000  7680 9830.500977 15673.720703
 0.000000512000  7680 11461.249023 15673.720703
 0.000000544000  7680 12888.400391 15673.720703
 0.000000576000  7680 14069.673828 15673.720703
 0.000000608000  7168 14919.327148 15673.720703
 0.000000640000  7168 15474.670898 15673.720703
 0.000000672000  6400 15672.545898 15673.720703
 0.000000704000  5888 15531.143555 15673.720703
 0.000000736000  5120 15050.817383 15673.720703
 0.000000768000  4608 14293.076172 15673.720703
 0.000000800000  3584 13247.414062 15673.720703
 0.000000832000  3072 12000.891602 15673.720703
 0.000000864000  2560 10629.176758 15673.720703
 0.000000896000  1792 9157.620117 15673.720703
 0.000000928000  1280 7648.091797 15673.720703
 0.000000960000  1024 6183.681152 15673.720703
 0.000000992000  768 4819.555176 15673.720703
 0.000001024000  512 3587.278076 15673.720703
 0.000001056000  256 2499.548828 15673.720703
 0.000001088000  256 1591.749146 15673.720703
 0.000001120000  -256 802.081299 15673.720703
 0.000001152000  -256 0.000000 15673.720703
 0.000001184000  -512 -389.181396 15673.720703
 0.000001216000  -512 -815.573608 15673.720703
 0.000001248000  -768 -1167.207397 15673.720703
 0.000001280000  -512 -1404.109375 15673.720703
 0.000001312000  -512 -1543.295898 15673.720703
 0.000001344000  -512 -1603.764526 15673.720703
 0.000001376000  -512 -1604.538208 15673.720703
 0.000001408000  -512 -1563.288818 15673.720703
 0.000001440000  -512 0.000000 15673.720703
 0.000001472000  -512 0.000000 15673.720703
 0.000001504000  -512 0.000000 15673.720703
 0.000001536000  -512 0.000000 15673.720703
 0.000001568000  -512 0.000000 15673.720703
 0.000001600000  -512 0.000000 15673.720703
 0.000001632000  -512 0.000000 15673.720703
 0.000001664000  -512 0.000000 15673.720703
 0.000001696000  -512 0.000000 15673.720703
 0.000001728000  -512 0.000000 15673.720703

 0.000000032000  -768 0.000000 6215.458496
 0.000000064000  -768 0.000000 6215.458496
 0.000000096000  -768 0.000000 6215.458496
 0.000000128000  -512 0.000000 6215.458496
 0.000000160000  -256 0.000000 6215.458496
 0.000000192000  -256 0.000000 6215.458496
 0.000000224000  512 73.718788 6215.458496
 0.000000256000  768 230.816925 6215.458496
 0.000000288000  1280 508.942963 6215.458496
 0.000000320000  1792 925.852356 6215.458496
 0.000000352000  2048 1447.177124 6215.458496
 0.000000384000  2560 2078.097900 6215.458496
 0.000000416000  2816 2777.507568 6215.458496
 0.000000448000  3072 3511.575684 6215.458496
 0.000000480000  3072 4217.163574 6215.458496
 0.000000512000  3072 4851.932617 6215.458496
 0.000000544000  3328 5428.075195 6215.458496
 0.000000576000  2816 5847.805176 6215.458496
 0.000000608000  2816 6127.355469 6215.458496
 0.000000640000  2304 6214.509766 6215.458496
 0.000000672000  2304 6160.128418 6215.458496
 0.000000704000  1792 5936.437988 6215.458496
 0.000000736000  1536 5572.961914 6215.458496
 0.000000768000  1280 5100.518555 6215.458496
 0.000000800000  1024 4548.619629 6215.458496
 0.000000832000  768 3943.732910 6215.458496
 0.000000864000  512 3308.280273 6215.458496
 0.000000896000  512 2697.085938 6215.458496
 0.000000928000  0 2073.227539 6215.458496
 0.000000960000  -256 0.000000 6215.458496
 0.000000992000  -512 831.326233 6215.458496
 0.000001024000  -512 263.850098 6215.458496
 0.000001056000  -512 -227.820297 6215.458496
 0.000001088000  -512 -630.800598 6215.458496
 0.000001120000  -512 -942.417542 6215.458496
 0.000001152000  -768 -1204.228394 6215.458496
 0.000001184000  -768 -1412.175781 6215.458496
 0.000001216000  -768 -1567.284790 6215.458496
 0.000001248000  -768 0.000000 6215.458496
 0.000001280000  -768 0.000000 6215.458496
 0.000001312000  -768 0.000000 6215.458496
 0.000001344000  -768 0.000000 6215.458496
 0.000001376000  -768 0.000000 6215.458496
 0.000001408000  -1024 0.000000 6215.458496
 0.000001440000  -1024 0.000000 6215.458496
 0.000001472000  -1024 0.000000 6215.458496
 0.000001504000  -768 0.000000 6215.458496
 0.000001536000  -768 0.000000 6215.458496

 0.000000032000  -1024 0.000000 14937.367188
 0.000000064000  -1024 0.000000 14937.367188
 0.000000096000  -1024 0.000000 14937.367188
 0.000000128000  -768 0.000000 14937.367188
 0.000000160000  -512 0.000000 14937.367188
 0.000000192000  0 0.000000 14937.367188
 0.000000224000  256 36.859394 14937.367188
 0.000000256000  1280 244.416336 14937.367188
 0.000000288000  2048 667.615906 14937.367188
 0.000000320000  3328 1396.250732 14937.367188
 0.000000352000  4352 2434.600098 14937.367188
 0.000000384000  5120 3726.516846 14937.367188
 0.000000416000  6144 5251.132324 14937.367188
 0.000000448000  6656 6903.303711 14937.367188
 0.000000480000  7168 8599.927734 14937.367188
 0.000000512000  7424 10242.521484 14937.367188
 0.000000544000  7424 11728.878906 14937.367188
 0.000000576000  7424 12998.391602 14937.367188
 0.000000608000  7168 13987.201172 14937.367188
 0.000000640000  6656 14633.762695 14937.367188
 0.000000672000  6144 14919.445312 14937.367188
 0.000000704000  5632 14857.131836 14937.367188
 0.000000736000  4864 14444.073242 14937.367188
 0.000000768000  4352 13740.444336 14937.367188
 0.000000800000  3840 12809.468750 14937.367188
 0.000000832000  2816 11638.245117 14937.367188
 0.000000864000  2304 10308.717773 14937.367188
 0.000000896000  2048 8926.750977 14937.367188
 0.000000928000  1536 7533.687988 14937.367188
 0.000000960000  1024 6159.393066 14937.367188
 0.000000992000  768 4860.370117 14937.367188
 0.000001024000  512 3670.924316 14937.367188
 0.000001056000  0 2570.426514 14937.367188
 0.000001088000  0 0.000000 14937.367188
 0.000001120000  -256 784.772949 14937.367188
 0.000001152000  -512 73.205498 14937.367188
 0.000001184000  -512 -506.041748 14937.367188
 0.000001216000  -512 -950.562439 14937.367188
 0.000001248000  -768 -1305.223145 14937.367188
 0.000001280000  -512 -1534.317261 14937.367188
 0.000001312000  -512 -1658.640625 14937.367188
 0.000001344000  -512 -1700.356323 14937.367188
 0.000001376000  -768 0.000000 14937.367188
 0.000001408000  -768 0.000000 14937.367188
 0.000001440000  -512 0.000000 14937.367188
 0.000001472000  -512 0.000000 14937.367188
 0.000001504000  -512 0.000000 14937.367188
 0.000001536000  -512 0.000000 14937.367188
 0.000001568000  -512 0.000000 14937.367188
 0.000001600000  -512 0.000000 14937.367188
 0.000001632000  -512 0.000000 14937.367188
 0.000001664000  -512 0.000000 14937.367188

 0.000000032000  -768 0.000000 4357.831055
 0.000000064000  -768 0.000000 4357.831055
 0.000000096000  -768 0.000000 4357.831055
 0.000000128000  -768 0.000000 4357.831055
 0.000000160000  -512 0.000000 4357.831055
 0.000000192000  -256 0.000000 4357.831055
 0.000000224000  256 36.859394 4357.831055
 0.000000256000  512 133.838165 4357.831055
 0.000000288000  768 302.960876 4357.831055
 0.000000320000  1280 584.346924 4357.831055
 0.000000352000  1280 924.401001 4357.831055
 0.000000384000  2048 1391.798340 4357.831055
 0.000000416000  2048 1915.074219 4357.831055
 0.000000448000  2304 2476.822754 4357.831055
 0.000000480000  2048 2988.318848 4357.831055
 0.000000512000  2048 3427.662842 4357.831055
 0.000000544000  2304 3821.511475 4357.831055
 0.000000576000  2048 4118.162109 4357.831055
 0.000000608000  1792 4288.263672 4357.831055
 0.000000640000  1792 4357.150879 4357.831055
 0.000000672000  1536 4313.062012 4357.831055
 0.000000704000  1536 4192.720703 4357.831055
 0.000000736000  1024 3953.715576 4357.831055
 0.000000768000  1024 3648.491455 4357.831055
 0.000000800000  512 3244.967773 4357.831055
 0.000000832000  512 2801.385986 4357.831055
 0.000000864000  512 2361.575928 4357.831055
 0.000000896000  0 1882.360840 4357.831055
 0.000000928000  -256 0.000000 4357.831055
 0.000000960000  -256 879.331848 4357.831055
 0.000000992000  -256 432.043457 4357.831055
 0.000001024000  -256 49.620499 4357.831055
 0.000001056000  -512 -296.528046 4357.831055
 0.000001088000  -512 -592.254761 4357.831055
 0.000001120000  -512 -831.243408 4357.831055
 0.000001152000  -512 -1013.138062 4357.831055
 0.000001184000  -512 -1141.798828 4357.831055
 0.000001216000  -768 0.000000 4357.831055
 0.000001248000  -768 0.000000 4357.831055
 0.000001280000  -512 0.000000 4357.831055
 0.000001312000  -512 0.000000 4357.831055
 0.000001344000  -512 0.000000 4357.831055
 0.000001376000  -512 0.000000 4357.831055
 0.000001408000  -512 0.000000 4357.831055
 0.000001440000  -512 0.000000 4357.831055
 0.000001472000  -512 0.000000 4357.831055
 0.000001504000  -768 0.000000 4357.831055

 0.000000032000  -768 0.000000 15253.391602
 0.000000064000  -768 0.000000 15253.391602
 0.000000096000  -512 0.000000 15253.391602
 0.000000128000  -512 0.000000 15253.391602
 0.000000160000  -512 0.000000 15253.391602
 0.000000192000  0 0.000000 15253.391602
 0.000000224000  768 110.578178 15253.391602
 0.000000256000  1280 364.655090 15253.391602
 0.000000288000  2304 848.763245 15253.391602
 0.000000320000  3328 1607.177979 15253.391602
 0.000000352000  4352 2651.279053 15253.391602
 0.000000384000  5376 3968.500000 15253.391602
 0.000000416000  6144 5493.484375 15253.391602
 0.000000448000  6912 7165.327148 15253.391602
 0.000000480000  7168 8856.917969 15253.391602
 0.000000512000  7424 10477.473633 15253.391602
 0.000000544000  7680 11968.283203 15253.391602
 0.000000576000  7680 13260.549805 15253.391602
 0.000000608000  7168 14246.484375 15253.391602
 0.000000640000  6912 14909.216797 15253.391602
 0.000000672000  6400 15223.296875 15253.391602
 0.000000704000  5888 15195.932617 15253.391602
 0.000000736000  5120 14819.911133 15253.391602
 0.000000768000  4608 14152.124023 15253.391602
 0.000000800000  4096 13253.570312 15253.391602
 0.000000832000  3584 12183.746094 15253.391602
 0.000000864000  2816 10959.953125 15253.391602
 0.000000896000  2304 9642.296875 15253.391602
 0.000000928000  2048 8316.652344 15253.391602
 0.000000960000  1280 6970.248047 15253.391602
 0.000000992000  1280 5706.178223 15253.391602
 0.000001024000  768 4517.274902 15253.391602
 0.000001056000  256 3393.087646 15253.391602
 0.000001088000  256 2395.329834 15253.391602
 0.000001120000  0 1521.426880 15253.391602
 0.000001152000  0 0.000000 15253.391602
 0.000001184000  -256 194.299286 15253.391602
 0.000001216000  -256 -280.628571 15253.391602
 0.000001248000  -512 -668.036560 15253.391602
 0.000001280000  -256 -929.165466 15253.391602
 0.000001312000  -256 -1082.716553 15253.391602
 0.000001344000  -256 -1149.582153 15253.391602
 0.000001376000  -512 -1187.550293 15253.391602
 0.000001408000  -512 -1202.469116 15253.391602
 0.000001440000  -256 0.000000 15253.391602
 0.000001472000  -512 0.000000 15253.391602
 0.000001504000  -256 0.000000 15253.391602
 0.000001536000  -512 0.000000 15253.391602
 0.000001568000  -256 0.000000 15253.391602
 0.000001600000  -512 0.000000 15253.391602
 0.000001632000  -256 0.000000 15253.391602
 0.000001664000  -256 0.000000 15253.391602
 0.000001696000  -256 0.000000 15253.391602
 0.000001728000  -512 0.000000 15253.391602

 0.000000032000  -512 0.000000 15005.671875
 0.000000064000  -768 0.000000 15005.671875
 0.000000096000  -768 0.000000 15005.671875
 0.000000128000  -768 0.000000 15005.671875
 0.000000160000  -512 0.000000 15005.671875
 0.000000192000  -256 0.000000 15005.671875
 0.000000224000  256 36.859394 15005.671875
 0.000000256000  1024 207.556946 15005.671875
 0.000000288000  1792 570.637146 15005.671875
 0.000000320000  2816 1190.268555 15005.671875
 0.000000352000  3584 2056.235352 15005.671875
 0.000000384000  4864 3217.340332 15005.671875
 0.000000416000  5632 4612.927246 15005.671875
 0.000000448000  6144 6146.613281 15005.671875
 0.000000480000  6912 7777.554199 15005.671875
 0.000000512000  7424 9433.175781 15005.671875
 0.000000544000  7424 10986.958008 15005.671875
 0.000000576000  7680 12394.143555 15005.671875
 0.000000608000  7168 13523.243164 15005.671875
 0.000000640000  6912 14338.693359 15005.671875
 0.000000672000  6656 14838.073242 15005.671875
 0.000000704000  6144 15005.573242 15005.671875
 0.000000736000  5632 14853.972656 15005.671875
 0.000000768000  4864 14378.368164 15005.671875
 0.000000800000  4096 13598.637695 15005.671875
 0.000000832000  3584 12587.509766 15005.671875
 0.000000864000  2816 11375.916016 15005.671875
 0.000000896000  2304 10036.890625 15005.671875
 0.000000928000  2048 8667.815430 15005.671875
 0.000000960000  1536 7302.456055 15005.671875
 0.000000992000  1024 5964.284180 15005.671875
 0.000001024000  768 4704.703125 15005.671875
 0.000001056000  256 3517.333984 15005.671875
 0.000001088000  0 2429.353271 15005.671875
 0.000001120000  -256 0.000000 15005.671875
 0.000001152000  -256 624.654358 15005.671875
 0.000001184000  -512 -76.188766 15005.671875
 0.000001216000  -512 -637.141357 15005.671875
 0.000001248000  -512 -1059.362183 15005.671875
 0.000001280000  -768 -1390.512695 15005.671875
 0.000001312000  -512 -1596.938110 15005.671875
 0.000001344000  -768 -1737.675781 15005.671875
 0.000001376000  -512 -1785.241577 15005.671875
 0.000001408000  -512 0.000000 15005.671875
 0.000001440000  -512 0.000000 15005.671875
 0.000001472000  -256 0.000000 15005.671875
 0.000001504000  -512 0.000000 15005.671875
 0.000001536000  -256 0.000000 15005.671875
 0.000001568000  -512 0.000000 15005.671875
 0.000001600000  -512 0.000000 15005.671875
 0.000001632000  -256 0.000000 15005.671875
 0.000001664000  -512 0.000000 15005.671875
 0.000001696000  -512 0.000000 15005.671875

 0.000000032000  -768 0.000000 15674.033203
 0.000000064000  -768 0.000000 15674.033203
 0.000000096000  -768 0.000000 15674.033203
 0.000000128000  -768 0.000000 15674.033203
 0.000000160000  -768 0.000000 15674.033203
 0.000000192000  -256 0.000000 15674.033203
 0.000000224000  512 73.718788 15674.033203
 0.000000256000  1280 304.535706 15674.033203
 0.000000288000  2304 776.619263 15674.033203
 0.000000320000  3328 1531.773926 15674.033203
 0.000000352000  4352 2579.011475 15674.033203
 0.000000384000  5376 3903.640137 15674.033203
 0.000000416000  6400 5475.360840 15674.033203
 0.000000448000  6912 7181.365723 15674.033203
 0.000000480000  7424 8932.678711 15674.033203
 0.000000512000  7680 10626.625000 15674.033203
 0.000000544000  7680 12158.291992 15674.033203
 0.000000576000  7936 13502.465820 15674.033203
 0.000000608000  7424 14544.337891 15674.033203
 0.000000640000  7168 15261.814453 15674.033203
 0.000000672000  6656 15625.857422 15674.033203
 0.000000704000  6144 15641.498047 15674.033203
 0.000000736000  5632 15337.353516 15674.033203
 0.000000768000  4864 14719.705078 15674.033203
 0.000000800000  4096 13815.539062 15674.033203
 0.000000832000  3328 12664.454102 15674.033203
 0.000000864000  3072 11385.784180 15674.033203
 0.000000896000  2304 9998.891602 15674.033203
 0.000000928000  2048 8598.899414 15674.033203
 0.000000960000  1280 7179.906250 15674.033203
 0.000000992000  768 5775.991211 15674.033203
 0.000001024000  512 4446.886230 15674.033203
 0.000001056000  256 3229.199707 15674.033203
 0.000001088000  0 2140.647461 15674.033203
 0.000001120000  0 0.000000 15674.033203
 0.000001152000  -512 413.237335 15674.033203
 0.000001184000  -256 -221.432434 15674.033203
 0.000001216000  -512 -725.406494 15674.033203
 0.000001248000  -256 -1064.355591 15674.033203
 0.000001280000  -512 -1299.744141 15674.033203
 0.000001312000  -512 -1445.379883 15674.033203
 0.000001344000  -512 -1517.431641 15674.033203
 0.000001376000  -512 -1532.564087 15674.033203
 0.000001408000  -512 0.000000 15674.033203
 0.000001440000  -512 0.000000 15674.033203
 0.000001472000  -512 0.000000 15674.033203
 0.000001504000  -512 0.000000 15674.033203
 0.000001536000  -512 0.000000 15674.033203
 0.000001568000  -256 0.000000 15674.033203
 0.000001600000  -512 0.000000 15674.033203
 0.000001632000  -256 0.000000 15674.033203
 0.000001664000  -512 0.000000 15674.033203
 0.000001696000  -256 0.000000 15674.033203

 0.000000032000  -768 0.000000 8466.592773
 0.000000064000  -768 0.000000 8466.592773
 0.000000096000  -768 0.000000 8466.592773
 0.000000128000  -512 0.000000 8466.592773
 0.000000160000  -512 0.000000 8466.592773
 0.000000192000  0 0.000000 8466.592773
 0.000000224000  768 110.578178 8466.592773
 0.000000256000  1280 364.655090 8466.592773
 0.000000288000  1792 775.044434 8466.592773
 0.000000320000  2560 1376.361084 8466.592773
 0.000000352000  3072 2142.336182 8466.592773
 0.000000384000  3328 3005.788330 8466.592773
 0.000000416000  3840 3949.328369 8466.592773
 0.000000448000  4096 4918.105957 8466.592773
 0.000000480000  4352 5871.742188 8466.592773
 0.000000512000  4352 6746.081055 8466.592773
 0.000000544000  4352 7501.726562 8466.592773
 0.000000576000  3840 8045.808105 8466.592773
 0.000000608000  3584 8365.124023 8466.592773
 0.000000640000  3328 8466.573242 8466.592773
 0.000000672000  3072 8370.691406 8466.592773
 0.000000704000  2816 8106.122070 8466.592773
 0.000000736000  2304 7668.286621 8466.592773
 0.000000768000  2048 7103.299805 8466.592773
 0.000000800000  1792 6452.735840 8466.592773
 0.000000832000  1024 5678.263672 8466.592773
 0.000000864000  1024 4872.434570 8466.592773
 0.000000896000  768 4065.713379 8466.592773
 0.000000928000  512 3279.582764 8466.592773
 0.000000960000  256 2527.662842 8466.592773
 0.000000992000  0 1817.066040 8466.592773
 0.000001024000  -256 0.000000 8466.592773
 0.000001056000  -256 561.082520 8466.592773
 0.000001088000  -512 33.067631 8466.592773
 0.000001120000  -512 -414.245789 8466.592773
 0.000001152000  -256 -735.761108 8466.592773
 0.000001184000  -256 -945.689514 8466.592773
 0.000001216000  -512 -1098.914551 8466.592773
 0.000001248000  -512 -1201.244385 8466.592773
 0.000001280000  -512 -1260.426025 8466.592773
 0.000001312000  -512 0.000000 8466.592773
 0.000001344000  -768 0.000000 8466.592773
 0.000001376000  -512 0.000000 8466.592773
 0.000001408000  -768 0.000000 8466.592773
 0.000001440000  -512 0.000000 8466.592773
 0.000001472000  -768 0.000000 8466.592773
 0.000001504000  -512 0.000000 8466.592773
 0.000001536000  -512 0.000000 8466.592773
 0.000001568000  -512 0.000000 8466.592773
 0.000001600000  -768 0.000000 8466.592773

 0.000000032000  -768 0.000000 15697.547852
 0.000000064000  -768 0.000000 15697.547852
 0.000000096000  -768 0.000000 15697.547852
 0.000000128000  -768 0.000000 15697.547852
 0.000000160000  -512 0.000000 15697.547852
 0.000000192000  0 0.000000 15697.547852
 0.000000224000  768 110.578178 15697.547852
 0.000000256000  1536 401.514496 15697.547852
 0.000000288000  2560 945.742004 15697.547852
 0.000000320000  3840 1813.160034 15697.547852
 0.000000352000  4864 2992.784424 15697.547852
 0.000000384000  5632 4417.557129 15697.547852
 0.000000416000  6400 6022.686035 15697.547852
 0.000000448000  7168 7749.635742 15697.547852
 0.000000480000  7424 9474.763672 15697.547852
 0.000000512000  7936 11148.134766 15697.547852
 0.000000544000  7936 12664.652344 15697.547852
 0.000000576000  7680 13924.861328 15697.547852
 0.000000608000  7424 14877.291016 15697.547852
 0.000000640000  6912 15471.057617 15697.547852
 0.000000672000  6400 15696.206055 15697.547852
 0.000000704000  5632 15535.414062 15697.547852
 0.000000736000  5376 15078.007812 15697.547852
 0.000000768000  4352 14297.563477 15697.547852
 0.000000800000  3840 13272.478516 15697.547852
 0.000000832000  3072 12038.620117 15697.547852
 0.000000864000  2560 10673.094727 15697.547852
 0.000000896000  1792 9202.728516 15697.547852
 0.000000928000  1280 7690.789551 15697.547852
 0.000000960000  1024 6221.610352 15697.547852
 0.000000992000  768 4851.400879 15697.547852
 0.000001024000  256 3575.695068 15697.547852
 0.000001056000  0 2421.408936 15697.547852
 0.000001088000  0 0.000000 15697.547852
 0.000001120000  -512 565.443359 15697.547852
 0.000001152000  -256 -123.863541 15697.547852
 0.000001184000  -768 -710.132996 15697.547852
 0.000001216000  -512 -1144.897827 15697.547852
 0.000001248000  -512 -1441.850098 15697.547852
 0.000001280000  -768 -1657.396484 15697.547852
 0.000001312000  -512 -1763.334961 15697.547852
 0.000001344000  -512 -1784.588257 15697.547852
 0.000001376000  -768 0.000000 15697.547852
 0.000001408000  -768 0.000000 15697.547852
 0.000001440000  -512 0.000000 15697.547852
 0.000001472000  -512 0.000000 15697.547852
 0.000001504000  -512 0.000000 15697.547852
 0.000001536000  -512 0.000000 15697.547852
 0.000001568000  -256 0.000000 15697.547852
 0.000001600000  -512 0.000000 15697.547852
 0.000001632000  -256 0.000000 15697.547852
 0.000001664000  -512 0.000000 15697.547852

 0.000000032000  -768 0.000000 5631.330078
 0.000000064000  -1024 0.000000 5631.330078
 0.000000096000  -768 0.000000 5631.330078
 0.000000128000  -768 0.000000 5631.330078
 0.000000160000  -512 0.000000 5631.330078
 0.000000192000  -256 0.000000 5631.330078
 0.000000224000  256 36.859394 5631.330078
 0.000000256000  512 133.838165 5631.330078
 0.000000288000  1280 376.679657 5631.330078
 0.000000320000  1536 741.445007 5631.330078
 0.000000352000  1792 1202.526978 5631.330078
 0.000000384000  2304 1771.848145 5631.330078
 0.000000416000  2560 2413.138916 5631.330078
 0.000000448000  2816 3095.719238 5631.330078
 0.000000480000  2816 3758.187744 5631.330078
 0.000000512000  2816 4358.825195 5631.330078
 0.000000544000  2816 4872.752441 5631.330078
 0.000000576000  2560 5251.861816 5631.330078
 0.000000608000  2560 5508.896484 5631.330078
 0.000000640000  2304 5624.744629 5631.330078
 0.000000672000  2048 5596.133789 5631.330078
 0.000000704000  1536 5394.304199 5631.330078
 0.000000736000  1280 5048.366211 5631.330078
 0.000000768000  1024 4589.159668 5631.330078
 0.000000800000  768 4046.520264 5631.330078
 0.000000832000  768 3484.290039 5631.330078
 0.000000864000  256 2875.042969 5631.330078
 0.000000896000  0 2239.742432 5631.330078
 0.000000928000  0 0.000000 5631.330078
 0.000000960000  -256 1050.159424 5631.330078
 0.000000992000  -512 491.880615 5631.330078
 0.000001024000  -512 -9.739876 5631.330078
 0.000001056000  -512 -435.415283 5631.330078
 0.000001088000  -768 -813.913086 5631.330078
 0.000001120000  -768 -1131.994873 5631.330078
 0.000001152000  -768 -1384.703003 5631.330078
 0.000001184000  -768 -1573.258179 5631.330078
 0.000001216000  -1024 0.000000 5631.330078
 0.000001248000  -1024 0.000000 5631.330078
 0.000001280000  -768 0.000000 5631.330078
 0.000001312000  -768 0.000000 5631.330078
 0.000001344000  -512 0.000000 5631.330078
 0.000001376000  -768 0.000000 5631.330078
 0.000001408000  -768 0.000000 5631.330078
 0.000001440000  -768 0.000000 5631.330078
 0.000001472000  -768 0.000000 5631.330078
 0.000001504000  -768 0.000000 5631.330078

 0.000000032000  -768 0.000000 15232.843750
 0.000000064000  -768 0.000000 15232.843750
 0.000000096000  -768 0.000000 15232.843750
 0.000000128000  -768 0.000000 15232.843750
 0.000000160000  -512 0.000000 15232.843750
 0.000000192000  0 0.000000 15232.843750
 0.000000224000  1024 147.437576 15232.843750
 0.000000256000  1792 498.493256 15232.843750
 0.000000288000  2560 1078.005371 15232.843750
 0.000000320000  3840 1960.708130 15232.843750
 0.000000352000  4608 3103.596680 15232.843750
 0.000000384000  5632 4494.565430 15232.843750
 0.000000416000  6400 6070.384766 15232.843750
 0.000000448000  6912 7736.434570 15232.843750
 0.000000480000  7168 9382.838867 15232.843750
 0.000000512000  7424 10933.763672 15232.843750
 0.000000544000  7680 12342.769531 15232.843750
 0.000000576000  7424 13513.708008 15232.843750
 0.000000608000  7168 14396.118164 15232.843750
 0.000000640000  6912 14975.297852 15232.843750
 0.000000672000  6400 15225.880859 15232.843750
 0.000000704000  5632 15116.831055 15232.843750
 0.000000736000  5120 14689.077148 15232.843750
 0.000000768000  4352 13957.479492 15232.843750
 0.000000800000  3584 12954.358398 15232.843750
 0.000000832000  3072 11758.842773 15232.843750
 0.000000864000  2560 10440.414062 15232.843750
 0.000000896000  1792 9019.909180 15232.843750
 0.000000928000  1536 7593.044922 15232.843750
 0.000000960000  1280 6227.572754 15232.843750
 0.000000992000  512 4892.984375 15232.843750
 0.000001024000  512 3676.187256 15232.843750
 0.000001056000  256 2592.940674 15232.843750
 0.000001088000  -256 1607.850342 15232.843750
 0.000001120000  -256 0.000000 15232.843750
 0.000001152000  -512 39.877460 15232.843750
 0.000001184000  -256 -508.013428 15232.843750
 0.000001216000  -256 -893.488098 15232.843750
 0.000001248000  -512 -1173.886841 15232.843750
 0.000001280000  -512 -1360.226929 15232.843750
 0.000001312000  -512 -1467.025635 15232.843750
 0.000001344000  -512 -1510.215454 15232.843750
 0.000001376000  -512 -1505.576538 15232.843750
 0.000001408000  -512 0.000000 15232.843750
 0.000001440000  -512 0.000000 15232.843750
 0.000001472000  -512 0.000000 15232.843750
 0.000001504000  -512 0.000000 15232.843750
 0.000001536000  -512 0.000000 15232.843750
 0.000001568000  -512 0.000000 15232.843750
 0.000001600000  -512 0.000000 15232.843750
 0.000001632000  -768 0.000000 15232.843750
 0.000001664000  -512 0.000000 15232.843750
 0.000001696000  -768 0.000000 15232.843750

 0.000000032000  -768 0.000000 14340.662109
 0.000000064000  -768 0.000000 14340.662109
 0.000000096000  -1024 0.000000 14340.662109
 0.000000128000  -768 0.000000 14340.662109
 0.000000160000  -512 0.000000 14340.662109
 0.000000192000  -256 0.000000 14340.662109
 0.000000224000  512 73.718788 14340.662109
 0.000000256000  1280 304.535706 14340.662109
 0.000000288000  2304 776.619263 14340.662109
 0.000000320000  3328 1531.773926 14340.662109
 0.000000352000  4096 2542.152100 14340.662109
 0.000000384000  5120 3806.661133 14340.662109
 0.000000416000  5888 5269.378418 14340.662109
 0.000000448000  6400 6839.859375 14340.662109
 0.000000480000  6656 8409.901367 14340.662109
 0.000000512000  7168 9940.325195 14340.662109
 0.000000544000  7168 11332.719727 14340.662109
 0.000000576000  7168 12527.834961 14340.662109
 0.000000608000  6912 13461.356445 14340.662109
 0.000000640000  6400 14070.043945 14340.662109
 0.000000672000  5888 14332.823242 14340.662109
 0.000000704000  5120 14222.920898 14340.662109
 0.000000736000  4608 13785.202148 14340.662109
 0.000000768000  4352 13111.668945 14340.662109
 0.000000800000  3584 12210.259766 14340.662109
 0.000000832000  3072 11139.819336 14340.662109
 0.000000864000  2304 9917.028320 14340.662109
 0.000000896000  1792 8601.439453 14340.662109
 0.000000928000  1536 7278.461914 14340.662109
 0.000000960000  1024 5971.813965 14340.662109
 0.000000992000  768 4733.853027 14340.662109
 0.000001024000  256 3559.585205 14340.662109
 0.000001056000  0 2477.772949 14340.662109
 0.000001088000  0 0.000000 14340.662109
 0.000001120000  -256 731.095459 14340.662109
 0.000001152000  -512 36.868954 14340.662109
 0.000001184000  -768 -564.430481 14340.662109
 0.000001216000  -768 -1057.110596 14340.662109
 0.000001248000  -512 -1401.099243 14340.662109
 0.000001280000  -512 -1615.788208 14340.662109
 0.000001312000  -768 -1760.978638 14340.662109
 0.000001344000  -512 -1809.997070 14340.662109
 0.000001376000  -768 0.000000 14340.662109
 0.000001408000  -768 0.000000 14340.662109
 0.000001440000  -768 0.000000 14340.662109
 0.000001472000  -512 0.000000 14340.662109
 0.000001504000  -768 0.000000 14340.662109
 0.000001536000  -768 0.000000 14340.662109
 0.000001568000  -512 0.000000 14340.662109
 0.000001600000  -512 0.000000 14340.662109
 0.000001632000  -512 0.000000 14340.662109
 0.000001664000  -512 0.000000 14340.662109

 0.000000032000  -768 0.000000 14260.743164
 0.000000064000  -1024 0.000000 14260.743164
 0.000000096000  -768 0.000000 14260.743164
 0.000000128000  -768 0.000000 14260.743164
 0.000000160000  -512 0.000000 14260.743164
 0.000000192000  0 0.000000 14260.743164
 0.000000224000  512 73.718788 14260.743164
 0.000000256000  1280 304.535706 14260.743164
 0.000000288000  2304 776.619263 14260.743164
 0.000000320000  3328 1531.773926 14260.743164
 0.000000352000  4096 2542.152100 14260.743164
 0.000000384000  5120 3806.661133 14260.743164
 0.000000416000  5888 5269.378418 14260.743164
 0.000000448000  6400 6839.859375 14260.743164
 0.000000480000  6912 8446.760742 14260.743164
 0.000000512000  6912 9963.584961 14260.743164
 0.000000544000  7168 11344.742188 14260.743164
 0.000000576000  6912 12494.231445 14260.743164
 0.000000608000  6912 13398.096680 14260.743164
 0.000000640000  6400 13990.490234 14260.743164
 0.000000672000  5888 14247.541016 14260.743164
 0.000000704000  5376 14176.609375 14260.743164
 0.000000736000  4864 13806.482422 14260.743164
 0.000000768000  4096 13142.077148 14260.743164
 0.000000800000  3328 12208.036133 14260.743164
 0.000000832000  2816 11077.955078 14260.743164
 0.000000864000  2560 9854.546875 14260.743164
 0.000000896000  1792 8543.022461 14260.743164
 0.000000928000  1536 7227.107910 14260.743164
 0.000000960000  1280 5965.980957 14260.743164
 0.000000992000  512 4723.583008 14260.743164
 0.000001024000  256 3546.935303 14260.743164
 0.000001056000  0 2464.360596 14260.743164
 0.000001088000  -256 0.000000 14260.743164
 0.000001120000  -512 622.370483 14260.743164
 0.000001152000  -512 -105.425476 14260.743164
 0.000001184000  -512 -683.222168 14260.743164
 0.000001216000  -768 -1150.827026 14260.743164
 0.000001248000  -768 -1507.299683 14260.743164
 0.000001280000  -512 -1723.119995 14260.743164
 0.000001312000  -768 -1861.378784 14260.743164
 0.000001344000  -768 -1935.155518 14260.743164
 0.000001376000  -512 0.000000 14260.743164
 0.000001408000  -512 0.000000 14260.743164
 0.000001440000  -512 0.000000 14260.743164
 0.000001472000  -768 0.000000 14260.743164
 0.000001504000  -512 0.000000 14260.743164
 0.000001536000  -768 0.000000 14260.743164
 0.000001568000  -512 0.000000 14260.743164
 0.000001600000  -512 0.000000 14260.743164
 0.000001632000  -512 0.000000 14260.743164
 0.000001664000  -512 0.000000 14260.743164

 0.000000032000  -768 0.000000 15864.866211
 0.000000064000  -768 0.000000 15864.866211
 0.000000096000  -768 0.000000 15864.866211
 0.000000128000  -768 0.000000 15864.866211
 0.000000160000  -512 0.000000 15864.866211
 0.000000192000  0 0.000000 15864.866211
 0.000000224000  768 110.578178 15864.866211
 0.000000256000  1536 401.514496 15864.866211
 0.000000288000  2816 982.601379 15864.866211
 0.000000320000  3584 1836.420166 15864.866211
 0.000000352000  4864 3004.809326 15864.866211
 0.000000384000  5632 4420.817871 15864.866211
 0.000000416000  6400 6019.550293 15864.866211
 0.000000448000  7168 7742.228516 15864.866211
 0.000000480000  7680 9501.746094 15864.866211
 0.000000512000  7936 11197.353516 15864.866211
 0.000000544000  7936 12725.961914 15864.866211
 0.000000576000  7936 14027.116211 15864.866211
 0.000000608000  7424 15000.971680 15864.866211
 0.000000640000  6912 15600.895508 15864.866211
 0.000000672000  6656 15857.883789 15864.866211
 0.000000704000  5888 15744.697266 15864.866211
 0.000000736000  5120 15268.835938 15864.866211
 0.000000768000  4608 14498.538086 15864.866211
 0.000000800000  3840 13466.117188 15864.866211
 0.000000832000  3072 12213.161133 15864.866211
 0.000000864000  2560 10821.643555 15864.866211
 0.000000896000  2048 9359.168945 15864.866211
 0.000000928000  1536 7878.375488 15864.866211
 0.000000960000  1280 6454.447266 15864.866211
 0.000000992000  512 5062.430176 15864.866211
 0.000001024000  512 3793.060059 15864.866211
 0.000001056000  256 2664.438965 15864.866211
 0.000001088000  -256 1642.301514 15864.866211
 0.000001120000  -512 0.000000 15864.866211
 0.000001152000  -512 -34.797596 15864.866211
 0.000001184000  -256 -608.064209 15864.866211
 0.000001216000  -768 -1077.895020 15864.866211
 0.000001248000  -768 -1441.182983 15864.866211
 0.000001280000  -512 -1666.554565 15864.866211
 0.000001312000  -512 -1778.740845 15864.866211
 0.000001344000  -512 -1803.277466 15864.866211
 0.000001376000  -512 -1764.426636 15864.866211
 0.000001408000  -512 0.000000 15864.866211
 0.000001440000  -512 0.000000 15864.866211
 0.000001472000  -256 0.000000 15864.866211
 0.000001504000  -512 0.000000 15864.866211
 0.000001536000  -512 0.000000 15864.866211
 0.000001568000  -512 0.000000 15864.866211
 0.000001600000  -512 0.000000 15864.866211
 0.000001632000  -256 0.000000 15864.866211
 0.000001664000  -512 0.000000 15864.866211
 0.000001696000  -512 0.000000 15864.866211

 0.000000032000  -768 0.000000 15365.667969
 0.000000064000  -768 0.000000 15365.667969
 0.000000096000  -768 0.000000 15365.667969
 0.000000128000  -768 0.000000 15365.667969
 0.000000160000  -512 0.000000 15365.667969
 0.000000192000  -256 0.000000 15365.667969
 0.000000224000  256 36.859394 15365.667969
 0.000000256000  1280 244.416336 15365.667969
 0.000000288000  1792 630.756531 15365.667969
 0.000000320000  2816 1262.412598 15365.667969
 0.000000352000  4096 2205.358154 15365.667969
 0.000000384000  4864 3409.846436 15365.667969
 0.000000416000  5888 4858.934082 15365.667969
 0.000000448000  6656 6486.241211 15365.667969
 0.000000480000  7168 8195.410156 15365.667969
 0.000000512000  7680 9912.805664 15365.667969
 0.000000544000  7680 11512.346680 15365.667969
 0.000000576000  7680 12913.880859 15365.667969
 0.000000608000  7424 14038.452148 15365.667969
 0.000000640000  7168 14850.488281 15365.667969
 0.000000672000  6400 15273.762695 15365.667969
 0.000000704000  6144 15356.392578 15365.667969
 0.000000736000  5632 15119.869141 15365.667969
 0.000000768000  4864 14565.417969 15365.667969
 0.000000800000  4096 13716.790039 15365.667969
 0.000000832000  3584 12648.719727 15365.667969
 0.000000864000  3072 11429.545898 15365.667969
 0.000000896000  2304 10081.332031 15365.667969
 0.000000928000  2048 8702.597656 15365.667969
 0.000000960000  1280 7291.084961 15365.667969
 0.000000992000  1024 5921.284180 15365.667969
 0.000001024000  512 4605.703125 15365.667969
 0.000001056000  512 3422.950439 15365.667969
 0.000001088000  0 2345.009521 15365.667969
 0.000001120000  0 0.000000 15365.667969
 0.000001152000  -256 627.918152 15365.667969
 0.000001184000  -512 -46.713230 15365.667969
 0.000001216000  -512 -591.359985 15365.667969
 0.000001248000  -256 -968.553711 15365.667969
 0.000001280000  -512 -1237.726562 15365.667969
 0.000001312000  -512 -1411.578735 15365.667969
 0.000001344000  -512 -1505.901001 15365.667969
 0.000001376000  -512 -1537.520508 15365.667969
 0.000001408000  -256 0.000000 15365.667969
 0.000001440000  -512 0.000000 15365.667969
 0.000001472000  -768 0.000000 15365.667969
 0.000001504000  -512 0.000000 15365.667969
 0.000001536000  -512 0.000000 15365.667969
 0.000001568000  -512 0.000000 15365.667969
 0.000001600000  -512 0.000000 15365.667969
 0.000001632000  -512 0.000000 15365.667969
 0.000001664000  -512 0.000000 15365.667969
 0.000001696000  -512 0.000000 15365.667969

 0.000000032000  -1024 0.000000 5064.409668
 0.000000064000  -768 0.000000 5064.409668
 0.000000096000  -768 0.000000 5064.409668
 0.000000128000  -512 0.000000 5064.409668
 0.000000160000  -256 0.000000 5064.409668
 0.000000192000  0 0.000000 5064.409668
 0.000000224000  512 73.718788 5064.409668
 0.000000256000  1024 267.676331 5064.409668
 0.000000288000  1280 569.062378 5064.409668
 0.000000320000  1792 997.996338 5064.409668
 0.000000352000  2304 1559.440674 5064.409668
 0.000000384000  2304 2173.625732 5064.409668
 0.000000416000  2560 2817.532959 5064.409668
 0.000000448000  2560 3435.980225 5064.409668
 0.000000480000  2560 3992.006104 5064.409668
 0.000000512000  2560 4464.118164 5064.409668
 0.000000544000  2304 4806.389160 5064.409668
 0.000000576000  2048 4995.877441 5064.409668
 0.000000608000  2048 5064.311523 5064.409668
 0.000000640000  1792 5005.854004 5064.409668
 0.000000672000  1536 4825.536621 5064.409668
 0.000000704000  1280 4535.668457 5064.409668
 0.000000736000  1024 4152.791016 5064.409668
 0.000000768000  768 3695.228516 5064.409668
 0.000000800000  512 3181.240723 5064.409668
 0.000000832000  256 2627.727051 5064.409668
 0.000000864000  256 2086.272949 5064.409668
 0.000000896000  -256 1518.558350 5064.409668
 0.000000928000  -256 0.000000 5064.409668
 0.000000960000  -512 446.096954 5064.409668
 0.000000992000  -512 -30.346247 5064.409668
 0.000001024000  -512 -436.837646 5064.409668
 0.000001056000  -512 -764.886597 5064.409668
 0.000001088000  -768 -1051.030518 5064.409668
 0.000001120000  -512 -1250.254395 5064.409668
 0.000001152000  -512 -1374.027832 5064.409668
 0.000001184000  -768 -1472.705688 5064.409668
 0.000001216000  -768 0.000000 5064.409668
 0.000001248000  -768 0.000000 5064.409668
 0.000001280000  -768 0.000000 5064.409668
 0.000001312000  -768 0.000000 5064.409668
 0.000001344000  -768 0.000000 5064.409668
 0.000001376000  -512 0.000000 5064.409668
 0.000001408000  -512 0.000000 5064.409668
 0.000001440000  -512 0.000000 5064.409668
 0.000001472000  -768 0.000000 5064.409668
 0.000001504000  -768 0.000000 5064.409668

 0.000000032000  -1024 0.000000 16194.508789
 0.000000064000  -768 0.000000 16194.508789
 0.000000096000  -768 0.000000 16194.508789
 0.000000128000  -512 0.000000 16194.508789
 0.000000160000  -512 0.000000 16194.508789
 0.000000192000  -256 0.000000 16194.508789
 0.000000224000  768 110.578178 16194.508789
 0.000000256000  1536 401.514496 16194.508789
 0.000000288000  2816 982.601379 16194.508789
 0.000000320000  3840 1873.279541 16194.508789
 0.000000352000  5120 3101.788086 16194.508789
 0.000000384000  6144 4626.799316 16194.508789
 0.000000416000  6656 6324.195312 16194.508789
 0.000000448000  7424 8131.164551 16194.508789
 0.000000480000  7936 9958.801758 16194.508789
 0.000000512000  7936 11669.395508 16194.508789
 0.000000544000  7936 13174.556641 16194.508789
 0.000000576000  7936 14426.933594 16194.508789
 0.000000608000  7680 15374.573242 16194.508789
 0.000000640000  7168 15966.032227 16194.508789
 0.000000672000  6656 16190.783203 16194.508789
 0.000000704000  6144 16067.827148 16194.508789
 0.000000736000  5376 15598.693359 16194.508789
 0.000000768000  4608 14809.378906 16194.508789
 0.000000800000  4096 13778.071289 16194.508789
 0.000000832000  3328 12540.298828 16194.508789
 0.000000864000  2560 11135.904297 16194.508789
 0.000000896000  2048 9641.752930 16194.508789
 0.000000928000  1792 8155.206055 16194.508789
 0.000000960000  1024 6670.444824 16194.508789
 0.000000992000  768 5256.968262 16194.508789
 0.000001024000  512 3958.506104 16194.508789
 0.000001056000  256 2797.521729 16194.508789
 0.000001088000  0 1779.910278 16194.508789
 0.000001120000  -256 0.000000 16194.508789
 0.000001152000  -512 142.055817 16194.508789
 0.000001184000  -512 -474.397430 16194.508789
 0.000001216000  -768 -984.212769 16194.508789
 0.000001248000  -512 -1345.496216 16194.508789
 0.000001280000  -768 -1613.206421 16194.508789
 0.000001312000  -512 -1758.999023 16194.508789
 0.000001344000  -768 -1845.442627 16194.508789
 0.000001376000  -512 -1847.079102 16194.508789
 0.000001408000  -512 0.000000 16194.508789
 0.000001440000  -512 0.000000 16194.508789
 0.000001472000  -512 0.000000 16194.508789
 0.000001504000  -512 0.000000 16194.508789
 0.000001536000  -512 0.000000 16194.508789
 0.000001568000  -512 0.000000 16194.508789
 0.000001600000  -512 0.000000 16194.508789
 0.000001632000  -512 0.000000 16194.508789
 0.000001664000  -512 0.000000 16194.508789
 0.000001696000  -512 0.000000 16194.508789

 0.000000032000  -1024 0.000000 9929.532227
 0.000000064000  -1024 0.000000 9929.532227
 0.000000096000  -768 0.000000 9929.532227
 0.000000128000  -768 0.000000 9929.532227
 0.000000160000  -512 0.000000 9929.532227
 0.000000192000  -256 0.000000 9929.532227
 0.000000224000  256 36.859394 9929.532227
 0.000000256000  512 133.838165 9929.532227
 0.000000288000  1280 376.679657 9929.532227
 0.000000320000  2048 815.163818 9929.532227
 0.000000352000  2816 1470.203369 9929.532227
 0.000000384000  3328 2304.051270 9929.532227
 0.000000416000  3840 3277.296875 9929.532227
 0.000000448000  4352 4352.198730 9929.532227
 0.000000480000  4608 5458.044434 9929.532227
 0.000000512000  4864 6542.893066 9929.532227
 0.000000544000  4864 7534.880859 9929.532227
 0.000000576000  5120 8427.029297 9929.532227
 0.000000608000  4864 9147.900391 9929.532227
 0.000000640000  4608 9659.601562 9929.532227
 0.000000672000  4096 9913.691406 9929.532227
 0.000000704000  3328 9857.801758 9929.532227
 0.000000736000  3072 9551.149414 9929.532227
 0.000000768000  2560 9016.558594 9929.532227
 0.000000800000  2048 8286.485352 9929.532227
 0.000000832000  1792 7434.680664 9929.532227
 0.000000864000  1536 6521.756348 9929.532227
 0.000000896000  1280 5594.726074 9929.532227
 0.000000928000  768 4650.797852 9929.532227
 0.000000960000  768 3762.944092 9929.532227
 0.000000992000  256 2904.711182 9929.532227
 0.000001024000  0 2092.228271 9929.532227
 0.000001056000  -256 0.000000 9929.532227
 0.000001088000  -256 667.294434 9929.532227
 0.000001120000  -512 77.139977 9929.532227
 0.000001152000  -256 -380.173309 9929.532227
 0.000001184000  -512 -748.031311 9929.532227
 0.000001216000  -512 -1026.516357 9929.532227
 0.000001248000  -512 -1222.120605 9929.532227
 0.000001280000  -512 -1345.374756 9929.532227
 0.000001312000  -512 -1408.890869 9929.532227
 0.000001344000  -768 0.000000 9929.532227
 0.000001376000  -768 0.000000 9929.532227
 0.000001408000  -768 0.000000 9929.532227
 0.000001440000  -512 0.000000 9929.532227
 0.000001472000  -512 0.000000 9929.532227
 0.000001504000  -512 0.000000 9929.532227
 0.000001536000  -512 0.000000 9929.532227
 0.000001568000  -512 0.000000 9929.532227
 0.000001600000  -512 0.000000 9929.532227
 0.000001632000  -512 0.000000 9929.532227

 0.000000032000  -768 0.000000 14262.775391
 0.000000064000  -1024 0.000000 14262.775391
 0.000000096000  -768 0.000000 14262.775391
 0.000000128000  -768 0.000000 14262.775391
 0.000000160000  -512 0.000000 14262.775391
 0.000000192000  -256 0.000000 14262.775391
 0.000000224000  256 36.859394 14262.775391
 0.000000256000  1280 244.416336 14262.775391
 0.000000288000  2048 667.615906 14262.775391
 0.000000320000  3072 1359.391357 14262.775391
 0.000000352000  4096 2337.621582 14262.775391
 0.000000384000  5120 3594.253662 14262.775391
 0.000000416000  5632 5029.865723 14262.775391
 0.000000448000  6656 6635.393555 14262.775391
 0.000000480000  6912 8281.654297 14262.775391
 0.000000512000  6912 9838.036133 14262.775391
 0.000000544000  6912 11219.183594 14262.775391
 0.000000576000  7168 12414.564453 14262.775391
 0.000000608000  6656 13319.568359 14262.775391
 0.000000640000  6400 13918.415039 14262.775391
 0.000000672000  6144 14222.051758 14262.775391
 0.000000704000  5632 14222.568359 14262.775391
 0.000000736000  4864 13899.363281 14262.775391
 0.000000768000  4352 13298.118164 14262.775391
 0.000000800000  3584 12434.108398 14262.775391
 0.000000832000  3072 11373.846680 14262.775391
 0.000000864000  2816 10215.082031 14262.775391
 0.000000896000  2048 8959.909180 14262.775391
 0.000000928000  1536 7653.599121 14262.775391
 0.000000960000  1024 6331.662598 14262.775391
 0.000000992000  768 5057.047852 14262.775391
 0.000001024000  256 3833.744141 14262.775391
 0.000001056000  0 2697.720947 14262.775391
 0.000001088000  0 0.000000 14262.775391
 0.000001120000  -256 847.219788 14262.775391
 0.000001152000  -512 109.568054 14262.775391
 0.000001184000  -512 -490.635193 14262.775391
 0.000001216000  -512 -950.997742 14262.775391
 0.000001248000  -512 -1279.905273 14262.775391
 0.000001280000  -512 -1492.716553 14262.775391
 0.000001312000  -768 -1645.446899 14262.775391
 0.000001344000  -768 -1744.942749 14262.775391
 0.000001376000  -512 0.000000 14262.775391
 0.000001408000  -768 0.000000 14262.775391
 0.000001440000  -768 0.000000 14262.775391
 0.000001472000  -768 0.000000 14262.775391
 0.000001504000  -768 0.000000 14262.775391
 0.000001536000  -768 0.000000 14262.775391
 0.000001568000  -768 0.000000 14262.775391
 0.000001600000  -768 0.000000 14262.775391
 0.000001632000  -512 0.000000 14262.775391
 0.000001664000  -768 0.000000 14262.775391

 0.000000032000  -768 0.000000 5369.661133
 0.000000064000  -768 0.000000 5369.661133
 0.000000096000  -768 0.000000 5369.661133
 0.000000128000  -512 0.000000 5369.661133
 0.000000160000  -256 0.000000 5369.661133
 0.000000192000  0 0.000000 5369.661133
 0.000000224000  512 73.718788 5369.661133
 0.000000256000  1280 304.535706 5369.661133
 0.000000288000  1280 629.181641 5369.661133
 0.000000320000  1792 1070.140137 5369.661133
 0.000000352000  2304 1634.844482 5369.661133
 0.000000384000  2560 2282.752441 5369.661133
 0.000000416000  2560 2942.512207 5369.661133
 0.000000448000  2560 3563.107178 5369.661133
 0.000000480000  2816 4148.350586 5369.661133
 0.000000512000  2560 4629.748535 5369.661133
 0.000000544000  2560 5003.482910 5369.661133
 0.000000576000  2304 5237.760254 5369.661133
 0.000000608000  2304 5357.129395 5369.661133
 0.000000640000  2048 5350.259766 5369.661133
 0.000000672000  1792 5218.275391 5369.661133
 0.000000704000  1536 4970.973145 5369.661133
 0.000000736000  1280 4623.541992 5369.661133
 0.000000768000  1024 4193.869141 5369.661133
 0.000000800000  768 3700.450684 5369.661133
 0.000000832000  512 3160.878906 5369.661133
 0.000000864000  512 2627.703857 5369.661133
 0.000000896000  0 2063.690918 5369.661133
 0.000000928000  0 0.000000 5369.661133
 0.000000960000  -256 989.198669 5369.661133
 0.000000992000  -512 472.076569 5369.661133
 0.000001024000  -768 -36.042957 5369.661133
 0.000001056000  -512 -464.393829 5369.661133
 0.000001088000  -512 -805.826965 5369.661133
 0.000001120000  -768 -1098.433105 5369.661133
 0.000001152000  -768 -1335.646973 5369.661133
 0.000001184000  -768 -1516.840820 5369.661133
 0.000001216000  -768 0.000000 5369.661133
 0.000001248000  -1024 0.000000 5369.661133
 0.000001280000  -1024 0.000000 5369.661133
 0.000001312000  -768 0.000000 5369.661133
 0.000001344000  -768 0.000000 5369.661133
 0.000001376000  -768 0.000000 5369.661133
 0.000001408000  -768 0.000000 5369.661133
 0.000001440000  -768 0.000000 5369.661133
 0.000001472000  -512 0.000000 5369.661133
 0.000001504000  -768 0.000000 5369.661133

 0.000000032000  -512 0.000000 15498.608398
 0.000000064000  -512 0.000000 15498.608398
 0.000000096000  -512 0.000000 15498.608398
 0.000000128000  -768 0.000000 15498.608398
 0.000000160000  -512 0.000000 15498.608398
 0.000000192000  0 0.000000 15498.608398
 0.000000224000  768 110.578178 15498.608398
 0.000000256000  1536 401.514496 15498.608398
 0.000000288000  2304 908.882568 15498.608398
 0.000000320000  3328 1679.322021 15498.608398
 0.000000352000  4608 2763.542725 15498.608398
 0.000000384000  5632 4137.746582 15498.608398
 0.000000416000  6400 5727.466797 15498.608398
 0.000000448000  6912 7427.977051 15498.608398
 0.000000480000  7424 9157.673828 15498.608398
 0.000000512000  7680 10820.227539 15498.608398
 0.000000544000  7680 12315.887695 15498.608398
 0.000000576000  7680 13586.541992 15498.608398
 0.000000608000  7424 14570.672852 15498.608398
 0.000000640000  6912 15208.799805 15498.608398
 0.000000672000  6400 15484.014648 15498.608398
 0.000000704000  5888 15410.557617 15498.608398
 0.000000736000  5120 14986.680664 15498.608398
 0.000000768000  4608 14273.240234 15498.608398
 0.000000800000  3840 13297.011719 15498.608398
 0.000000832000  3072 12095.733398 15498.608398
 0.000000864000  2560 10749.000977 15498.608398
 0.000000896000  2048 9323.241211 15498.608398
 0.000000928000  1792 7907.706055 15498.608398
 0.000000960000  1280 6527.545410 15498.608398
 0.000000992000  768 5197.895020 15498.608398
 0.000001024000  512 3962.618652 15498.608398
 0.000001056000  256 2845.759766 15498.608398
 0.000001088000  -256 1818.838013 15498.608398
 0.000001120000  0 0.000000 15498.608398
 0.000001152000  -512 223.053146 15498.608398
 0.000001184000  -256 -352.136749 15498.608398
 0.000001216000  -512 -804.884705 15498.608398
 0.000001248000  -512 -1138.957642 15498.608398
 0.000001280000  -512 -1365.547485 15498.608398
 0.000001312000  -512 -1500.260254 15498.608398
 0.000001344000  -512 -1560.681641 15498.608398
 0.000001376000  -256 -1527.664551 15498.608398
 0.000001408000  -512 0.000000 15498.608398
 0.000001440000  -512 0.000000 15498.608398
 0.000001472000  -512 0.000000 15498.608398
 0.000001504000  -512 0.000000 15498.608398
 0.000001536000  -512 0.000000 15498.608398
 0.000001568000  -256 0.000000 15498.608398
 0.000001600000  -512 0.000000 15498.608398
 0.000001632000  -512 0.000000 15498.608398
 0.000001664000  -512 0.000000 15498.608398
 0.000001696000  -512 0.000000 15498.608398

 0.000000032000  -768 0.000000 5467.461914
 0.000000064000  -1024 0.000000 5467.461914
 0.000000096000  -768 0.000000 5467.461914
 0.000000128000  -768 0.000000 5467.461914
 0.000000160000  -512 0.000000 5467.461914
 0.000000192000  0 0.000000 5467.461914
 0.000000224000  256 36.859394 5467.461914
 0.000000256000  768 170.697556 5467.461914
 0.000000288000  1280 436.799011 5467.461914
 0.000000320000  1536 813.588989 5467.461914
 0.000000352000  2048 1314.790405 5467.461914
 0.000000384000  2304 1904.235107 5467.461914
 0.000000416000  2816 2587.002197 5467.461914
 0.000000448000  2816 3286.225342 5467.461914
 0.000000480000  2560 3909.820068 5467.461914
 0.000000512000  2816 4472.211426 5467.461914
 0.000000544000  2816 4951.087891 5467.461914
 0.000000576000  2304 5263.056152 5467.461914
 0.000000608000  2304 5435.223145 5467.461914
 0.000000640000  2048 5459.851074 5467.461914
 0.000000672000  1792 5342.121094 5467.461914
 0.000000704000  1280 5059.064453 5467.461914
 0.000000736000  1280 4680.154785 5467.461914
 0.000000768000  768 4187.416504 5467.461914
 0.000000800000  512 3613.265869 5467.461914
 0.000000832000  512 3023.212891 5467.461914
 0.000000864000  0 2390.739258 5467.461914
 0.000000896000  0 0.000000 5467.461914
 0.000000928000  -256 1175.797485 5467.461914
 0.000000960000  -512 596.890747 5467.461914
 0.000000992000  -512 73.208237 5467.461914
 0.000001024000  -512 -373.949127 5467.461914
 0.000001056000  -768 -771.974548 5467.461914
 0.000001088000  -768 -1106.804199 5467.461914
 0.000001120000  -768 -1373.100098 5467.461914
 0.000001152000  -768 -1572.043335 5467.461914
 0.000001184000  -768 0.000000 5467.461914
 0.000001216000  -512 0.000000 5467.461914
 0.000001248000  -768 0.000000 5467.461914
 0.000001280000  -768 0.000000 5467.461914
 0.000001312000  -768 0.000000 5467.461914
 0.000001344000  -1024 0.000000 5467.461914
 0.000001376000  -768 0.000000 5467.461914
 0.000001408000  -768 0.000000 5467.461914
 0.000001440000  -768 0.000000 5467.461914
 0.000001472000  -768 0.000000 5467.461914

 0.000000032000  -1024 0.000000 16075.286133
 0.000000064000  -768 0.000000 16075.286133
 0.000000096000  -768 0.000000 16075.286133
 0.000000128000  -768 0.000000 16075.286133
 0.000000160000  -768 0.000000 16075.286133
 0.000000192000  -256 0.000000 16075.286133
 0.000000224000  512 73.718788 16075.286133
 0.000000256000  1024 267.676331 16075.286133
 0.000000288000  1792 642.781128 16075.286133
 0.000000320000  3072 1302.532104 16075.286133
 0.000000352000  4352 2299.200439 16075.286133
 0.000000384000  5376 3608.420898 16075.286133
 0.000000416000  6144 5153.703125 16075.286133
 0.000000448000  6912 6864.277344 16075.286133
 0.000000480000  7424 8641.630859 16075.286133
 0.000000512000  7936 10411.698242 16075.286133
 0.000000544000  7936 12049.212891 16075.286133
 0.000000576000  7936 13475.651367 16075.286133
 0.000000608000  7936 14651.005859 16075.286133
 0.000000640000  7424 15491.504883 16075.286133
 0.000000672000  6912 15962.361328 16075.286133
 0.000000704000  6400 16065.728516 16075.286133
 0.000000736000  5632 15792.717773 16075.286133
 0.000000768000  5120 15201.035156 16075.286133
 0.000000800000  4352 14317.331055 16075.286133
 0.000000832000  3584 13181.367188 16075.286133
 0.000000864000  2816 11839.254883 16075.286133
 0.000000896000  2560 10411.975586 16075.286133
 0.000000928000  1792 8916.993164 16075.286133
 0.000000960000  1536 7445.178223 16075.286133
 0.000000992000  1024 6021.889160 16075.286133
 0.000001024000  512 4661.460449 16075.286133
 0.000001056000  0 3369.445068 16075.286133
 0.000001088000  0 0.000000 16075.286133
 0.000001120000  -256 1212.837769 16075.286133
 0.000001152000  -256 381.618378 16075.286133
 0.000001184000  -512 -303.951630 16075.286133
 0.000001216000  -512 -837.769836 16075.286133
 0.000001248000  -512 -1226.470703 16075.286133
 0.000001280000  -512 -1485.165771 16075.286133
 0.000001312000  -768 -1670.697388 16075.286133
 0.000001344000  -512 -1754.576660 16075.286133
 0.000001376000  -512 0.000000 16075.286133
 0.000001408000  -512 0.000000 16075.286133
 0.000001440000  -512 0.000000 16075.286133
 0.000001472000  -512 0.000000 16075.286133
 0.000001504000  -768 0.000000 16075.286133
 0.000001536000  -512 0.000000 16075.286133
 0.000001568000  -512 0.000000 16075.286133
 0.000001600000  -512 0.000000 16075.286133
 0.000001632000  -512 0.000000 16075.286133
 0.000001664000  -512 0.000000 16075.286133

 0.000000032000  -768 0.000000 8686.696289
 0.000000064000  -768 0.000000 8686.696289
 0.000000096000  -1024 0.000000 8686.696289
 0.000000128000  -768 0.000000 8686.696289
 0.000000160000  -512 0.000000 8686.696289
 0.000000192000  0 0.000000 8686.696289
 0.000000224000  512 73.718788 8686.696289
 0.000000256000  1024 267.676331 8686.696289
 0.000000288000  1536 605.921753 8686.696289
 0.000000320000  2304 1131.834473 8686.696289
 0.000000352000  2816 1825.541992 8686.696289
 0.000000384000  3328 2660.993896 8686.696289
 0.000000416000  3840 3609.670898 8686.696289
 0.000000448000  4096 4606.512695 8686.696289
 0.000000480000  4096 5565.452148 8686.696289
 0.000000512000  4352 6465.569336 8686.696289
 0.000000544000  4352 7259.532715 8686.696289
 0.000000576000  4352 7921.706543 8686.696289
 0.000000608000  3840 8369.837891 8686.696289
 0.000000640000  3840 8635.228516 8686.696289
 0.000000672000  3328 8679.321289 8686.696289
 0.000000704000  3072 8527.799805 8686.696289
 0.000000736000  2560 8175.943848 8686.696289
 0.000000768000  2304 7671.716309 8686.696289
 0.000000800000  2048 7059.806641 8686.696289
 0.000000832000  1536 6342.525879 8686.696289
 0.000000864000  1024 5529.084473 8686.696289
 0.000000896000  768 4669.738770 8686.696289
 0.000000928000  512 3803.126221 8686.696289
 0.000000960000  256 2956.933838 8686.696289
 0.000000992000  0 2149.156250 8686.696289
 0.000001024000  0 0.000000 8686.696289
 0.000001056000  -512 742.095032 8686.696289
 0.000001088000  -512 133.762726 8686.696289
 0.000001120000  -512 -377.265961 8686.696289
 0.000001152000  -512 -783.097107 8686.696289
 0.000001184000  -768 -1122.613647 8686.696289
 0.000001216000  -512 -1354.207031 8686.696289
 0.000001248000  -768 -1530.113281 8686.696289
 0.000001280000  -512 -1617.346313 8686.696289
 0.000001312000  -768 0.000000 8686.696289
 0.000001344000  -768 0.000000 8686.696289
 0.000001376000  -768 0.000000 8686.696289
 0.000001408000  -768 0.000000 8686.696289
 0.000001440000  -512 0.000000 8686.696289
 0.000001472000  -768 0.000000 8686.696289
 0.000001504000  -768 0.000000 8686.696289
 0.000001536000  -512 0.000000 8686.696289
 0.000001568000  -512 0.000000 8686.696289
 0.000001600000  -512 0.000000 8686.696289

 0.000000032000  -768 0.000000 5096.442383
 0.000000064000  -768 0.000000 5096.442383
 0.000000096000  -768 0.000000 5096.442383
 0.000000128000  -512 0.000000 5096.442383
 0.000000160000  -256 0.000000 5096.442383
 0.000000192000  -256 0.000000 5096.442383
 0.000000224000  256 36.859394 5096.442383
 0.000000256000  768 170.697556 5096.442383
 0.000000288000  1280 436.799011 5096.442383
 0.000000320000  1280 776.729614 5096.442383
 0.000000352000  1792 1217.811768 5096.442383
 0.000000384000  2304 1771.972046 5096.442383
 0.000000416000  2304 2365.735596 5096.442383
 0.000000448000  2560 2981.455566 5096.442383
 0.000000480000  2560 3568.285400 5096.442383
 0.000000512000  2560 4092.558105 5096.442383
 0.000000544000  2560 4535.107910 5096.442383
 0.000000576000  2304 4851.484863 5096.442383
 0.000000608000  2304 5056.380859 5096.442383
 0.000000640000  1792 5094.432129 5096.442383
 0.000000672000  1792 5012.445801 5096.442383
 0.000000704000  1536 4815.111816 5096.442383
 0.000000736000  1280 4514.030762 5096.442383
 0.000000768000  1024 4124.827148 5096.442383
 0.000000800000  768 3664.830322 5096.442383
 0.000000832000  512 3151.319580 5096.442383
 0.000000864000  512 2637.154785 5096.442383
 0.000000896000  0 2085.826416 5096.442383
 0.000000928000  0 0.000000 5096.442383
 0.000000960000  -256 1021.686462 5096.442383
 0.000000992000  -512 504.354401 5096.442383
 0.000001024000  -768 -6.236432 5096.442383
 0.000001056000  -512 -438.470551 5096.442383
 0.000001088000  -768 -821.359436 5096.442383
 0.000001120000  -512 -1105.132690 5096.442383
 0.000001152000  -768 -1335.654419 5096.442383
 0.000001184000  -512 -1475.283447 5096.442383
 0.000001216000  -768 0.000000 5096.442383
 0.000001248000  -768 0.000000 5096.442383
 0.000001280000  -768 0.000000 5096.442383
 0.000001312000  -768 0.000000 5096.442383
 0.000001344000  -1024 0.000000 5096.442383
 0.000001376000  -768 0.000000 5096.442383
 0.000001408000  -768 0.000000 5096.442383
 0.000001440000  -512 0.000000 5096.442383
 0.000001472000  -768 0.000000 5096.442383
 0.000001504000  -512 0.000000 5096.442383

 0.000000032000  -512 0.000000 6384.632324
 0.000000064000  -512 0.000000 6384.632324
 0.000000096000  -512 0.000000 6384.632324
 0.000000128000  -768 0.000000 6384.632324
 0.000000160000  -512 0.000000 6384.632324
 0.000000192000  0 0.000000 6384.632324
 0.000000224000  256 36.859394 6384.632324
 0.000000256000  768 170.697556 6384.632324
 0.000000288000  1280 436.799011 6384.632324
 0.000000320000  1536 813.588989 6384.632324
 0.000000352000  2048 1314.790405 6384.632324
 0.000000384000  2560 1941.094482 6384.632324
 0.000000416000  2816 2647.121582 6384.632324
 0.000000448000  3072 3395.228516 6384.632324
 0.000000480000  3072 4119.062500 6384.632324
 0.000000512000  3328 4810.581543 6384.632324
 0.000000544000  3072 5392.739258 6384.632324
 0.000000576000  2816 5819.242188 6384.632324
 0.000000608000  3072 6142.469238 6384.632324
 0.000000640000  2816 6332.960449 6384.632324
 0.000000672000  2560 6379.561523 6384.632324
 0.000000704000  2048 6247.928223 6384.632324
 0.000000736000  1792 5963.606445 6384.632324
 0.000000768000  1536 5555.547852 6384.632324
 0.000000800000  1280 5053.015137 6384.632324
 0.000000832000  768 4446.522461 6384.632324
 0.000000864000  768 3810.604004 6384.632324
 0.000000896000  512 3162.919678 6384.632324
 0.000000928000  256 2516.731201 6384.632324
 0.000000960000  -256 1844.395386 6384.632324
 0.000000992000  -256 0.000000 6384.632324
 0.000001024000  -256 627.108398 6384.632324
 0.000001056000  -256 140.877182 6384.632324
 0.000001088000  -512 -284.822083 6384.632324
 0.000001120000  -768 -674.177979 6384.632324
 0.000001152000  -768 -1009.953064 6384.632324
 0.000001184000  -768 -1283.886108 6384.632324
 0.000001216000  -768 -1494.621216 6384.632324
 0.000001248000  -1024 -1682.614136 6384.632324
 0.000001280000  -1024 0.000000 6384.632324
 0.000001312000  -768 0.000000 6384.632324
 0.000001344000  -768 0.000000 6384.632324
 0.000001376000  -768 0.000000 6384.632324
 0.000001408000  -512 0.000000 6384.632324
 0.000001440000  -768 0.000000 6384.632324
 0.000001472000  -512 0.000000 6384.632324
 0.000001504000  -512 0.000000 6384.632324
 0.000001536000  -768 0.000000 6384.632324
 0.000001568000  -512 0.000000 6384.632324

 0.000000032000  -1024 0.000000 14908.053711
 0.000000064000  -768 0.000000 14908.053711
 0.000000096000  -768 0.000000 14908.053711
 0.000000128000  -768 0.000000 14908.053711
 0.000000160000  -512 0.000000 14908.053711
 0.000000192000  -256 0.000000 14908.053711
 0.000000224000  512 73.718788 14908.053711
 0.000000256000  1280 304.535706 14908.053711
 0.000000288000  2304 776.619263 14908.053711
 0.000000320000  3328 1531.773926 14908.053711
 0.000000352000  4352 2579.011475 14908.053711
 0.000000384000  5376 3903.640137 14908.053711
 0.000000416000  6400 5475.360840 14908.053711
 0.000000448000  6656 7144.506348 14908.053711
 0.000000480000  7168 8835.700195 14908.053711
 0.000000512000  7424 10457.502930 14908.053711
 0.000000544000  7424 11913.765625 14908.053711
 0.000000576000  7168 13111.950195 14908.053711
 0.000000608000  7168 14042.438477 14908.053711
 0.000000640000  6656 14644.021484 14908.053711
 0.000000672000  6144 14897.345703 14908.053711
 0.000000704000  5632 14813.875000 14908.053711
 0.000000736000  5120 14425.913086 14908.053711
 0.000000768000  4608 13778.094727 14908.053711
 0.000000800000  3584 12846.787109 14908.053711
 0.000000832000  3328 11746.363281 14908.053711
 0.000000864000  2560 10495.684570 14908.053711
 0.000000896000  2304 9192.550781 14908.053711
 0.000000928000  1536 7835.774902 14908.053711
 0.000000960000  1024 6465.244141 14908.053711
 0.000000992000  768 5146.848633 14908.053711
 0.000001024000  512 3923.159668 14908.053711
 0.000001056000  0 2780.428467 14908.053711
 0.000001088000  -256 0.000000 14908.053711
 0.000001120000  -256 846.450195 14908.053711
 0.000001152000  -512 83.581268 14908.053711
 0.000001184000  -512 -532.479797 14908.053711
 0.000001216000  -512 -1000.978638 14908.053711
 0.000001248000  -768 -1368.867432 14908.053711
 0.000001280000  -768 -1639.538940 14908.053711
 0.000001312000  -768 -1822.377197 14908.053711
 0.000001344000  -768 -1930.302856 14908.053711
 0.000001376000  -1024 0.000000 14908.053711
 0.000001408000  -768 0.000000 14908.053711
 0.000001440000  -768 0.000000 14908.053711
 0.000001472000  -512 0.000000 14908.053711
 0.000001504000  -512 0.000000 14908.053711
 0.000001536000  -512 0.000000 14908.053711
 0.000001568000  -768 0.000000 14908.053711
 0.000001600000  -512 0.000000 14908.053711
 0.000001632000  -512 0.000000 14908.053711
 0.000001664000  -512 0.000000 14908.053711

 0.000000032000  -768 0.000000 15145.540039
 0.000000064000  -768 0.000000 15145.540039
 0.000000096000  -768 0.000000 15145.540039
 0.000000128000  -768 0.000000 15145.540039
 0.000000160000  -512 0.000000 15145.540039
 0.000000192000  -256 0.000000 15145.540039
 0.000000224000  512 73.718788 15145.540039
 0.000000256000  1280 304.535706 15145.540039
 0.000000288000  2048 739.759827 15145.540039
 0.000000320000  3328 1471.654663 15145.540039
 0.000000352000  4352 2506.867920 15145.540039
 0.000000384000  5120 3791.377197 15145.540039
 0.000000416000  6144 5306.115234 15145.540039
 0.000000448000  6656 6947.383789 15145.540039
 0.000000480000  7168 8633.169922 15145.540039
 0.000000512000  7424 10265.750977 15145.540039
 0.000000544000  7680 11780.256836 15145.540039
 0.000000576000  7424 13065.860352 15145.540039
 0.000000608000  7168 14061.126953 15145.540039
 0.000000640000  6912 14743.765625 15145.540039
 0.000000672000  6400 15083.752930 15145.540039
 0.000000704000  6144 15121.506836 15145.540039
 0.000000736000  5376 14833.482422 15145.540039
 0.000000768000  4864 14263.442383 15145.540039
 0.000000800000  4096 13425.593750 15145.540039
 0.000000832000  3328 12349.205078 15145.540039
 0.000000864000  3072 11145.746094 15145.540039
 0.000000896000  2304 9829.011719 15145.540039
 0.000000928000  1792 8453.713867 15145.540039
 0.000000960000  1280 7062.533691 15145.540039
 0.000000992000  768 5686.622070 15145.540039
 0.000001024000  512 4383.638184 15145.540039
 0.000001056000  256 3188.869141 15145.540039
 0.000001088000  0 2119.332764 15145.540039
 0.000001120000  0 0.000000 15145.540039
 0.000001152000  -256 454.624573 15145.540039
 0.000001184000  -256 -149.420624 15145.540039
 0.000001216000  -512 -637.048645 15145.540039
 0.000001248000  -768 -1044.585693 15145.540039
 0.000001280000  -512 -1329.617432 15145.540039
 0.000001312000  -512 -1508.003662 15145.540039
 0.000001344000  -512 -1598.571899 15145.540039
 0.000001376000  -512 -1620.880737 15145.540039
 0.000001408000  -512 0.000000 15145.540039
 0.000001440000  -512 0.000000 15145.540039
 0.000001472000  -256 0.000000 15145.540039
 0.000001504000  -512 0.000000 15145.540039
 0.000001536000  -512 0.000000 15145.540039
 0.000001568000  -512 0.000000 15145.540039
 0.000001600000  -256 0.000000 15145.540039
 0.000001632000  -256 0.000000 15145.540039
 0.000001664000  -512 0.000000 15145.540039
 0.000001696000  -512 0.000000 15145.540039

 0.000000032000  -1024 0.000000 15963.474609
 0.000000064000  -768 0.000000 15963.474609
 0.000000096000  -768 0.000000 15963.474609
 0.000000128000  -768 0.000000 15963.474609
 0.000000160000  -512 0.000000 15963.474609
 0.000000192000  0 0.000000 15963.474609
 0.000000224000  512 73.718788 15963.474609
 0.000000256000  1536 341.395111 15963.474609
 0.000000288000  2560 873.598022 15963.474609
 0.000000320000  3840 1737.756226 15963.474609
 0.000000352000  4608 2883.657715 15963.474609
 0.000000384000  5632 4292.578125 15963.474609
 0.000000416000  6656 5932.418945 15963.474609
 0.000000448000  7168 7690.270020 15963.474609
 0.000000480000  7680 9478.256836 15963.474609
 0.000000512000  7936 11195.569336 15963.474609
 0.000000544000  7936 12739.565430 15963.474609
 0.000000576000  7936 14050.558594 15963.474609
 0.000000608000  7424 15029.644531 15963.474609
 0.000000640000  7168 15668.041992 15963.474609
 0.000000672000  6656 15947.244141 15963.474609
 0.000000704000  6144 15880.101562 15963.474609
 0.000000736000  5376 15463.720703 15963.474609
 0.000000768000  4864 14758.071289 15963.474609
 0.000000800000  4096 13789.276367 15963.474609
 0.000000832000  3328 12594.644531 15963.474609
 0.000000864000  2816 11253.525391 15963.474609
 0.000000896000  2304 9832.250977 15963.474609
 0.000000928000  1536 8346.365234 15963.474609
 0.000000960000  1024 6848.307129 15963.474609
 0.000000992000  768 5412.677734 15963.474609
 0.000001024000  512 4087.431396 15963.474609
 0.000001056000  256 2898.335205 15963.474609
 0.000001088000  -256 1816.843140 15963.474609
 0.000001120000  -512 0.000000 15963.474609
 0.000001152000  -512 38.622471 15963.474609
 0.000001184000  -768 -646.570007 15963.474609
 0.000001216000  -768 -1192.316650 15963.474609
 0.000001248000  -768 -1600.738892 15963.474609
 0.000001280000  -768 -1883.214233 15963.474609
 0.000001312000  -768 -2056.808838 15963.474609
 0.000001344000  -768 -2141.358643 15963.474609
 0.000001376000  -1024 -2194.079346 15963.474609
 0.000001408000  -768 0.000000 15963.474609
 0.000001440000  -512 0.000000 15963.474609
 0.000001472000  -512 0.000000 15963.474609
 0.000001504000  -512 0.000000 15963.474609
 0.000001536000  -512 0.000000 15963.474609
 0.000001568000  -512 0.000000 15963.474609
 0.000001600000  -512 0.000000 15963.474609
 0.000001632000  -512 0.000000 15963.474609
 0.000001664000  -768 0.000000 15963.474609
 0.000001696000  -768 0.000000 15963.474609

